56
63
145
150
151
203
265
275
279
287
288
289
295
297
346
397
398
417
418
424
425
431
433
441
443
479
520
535
549
550
555
556
561
571
575
581
582
594
633
673
681
689
690
702
705
713
716
722
723
725
772
804
806
838
848
885
886
938
944
992
1036
1040
1053
1066
1075
1081
1088
1113
1155
1162
1175
1177
1182
1188
1189
1207
1234
1275
1284
1289
1299
1306
1309
1315
1325
1326
1333
1343
1396
1452
1459
1460
1477
1478
1479
1491
1497
1501
1511
1522
1532
1538
1544
1550
1555
1610
1648
1656
1660
1666
1672
1674
1680
1688
1689
1703
1705
1712
1718
1724
1732
1739
1780
1782
1819
1825
1827
1829
1834
1838
1839
1850
1856
1863
1870
1871
1904
1936
1940
1947
1955
1976
1977
2020
2050
2069
2078
2081
2083
2092
2093
2130
2175
2180
2189
2222
2240
2250
2261
2266
2278
2279
2281
2303
2337
2344
2351
2352
2364
2387
2415
2427
2433
2439
2450
2468
2492
2507
2512
2519
2546
2592
2635
2655
2659
2668
2673
2677
2687
2689
2700
2728
2769
2810
2830
2833
2854
2899
2949
2989
3028
3072
3111
3115
3119
3126
3155
3188
3198
3238
3275
3311
3336
3340
3343
3346
3354
3358
3362
3387
3415
3423
3424
3431
3462
3500
3536
3555
3556
3559
3573
3578
3615
3637
3641
3642
3651
3661
3663
3664
3665
3686
3709
3729
3735
3758
3787
3793
3802
3807
3812
3817
3842
3870
3876
3882
3890
3895
3922
3951
3957
3961
3967
3972
3987
3988
4019
4043
4051
4052
4053
4076
4086
4122
4172
4196
4219
4256
4259
4269
4283
4285
4297
4298
4324
4325
4362
4373
4384
4388
4395
4399
4424
4464
4503
4535
4538
4549
4558
4563
4584
4622
4662
4684
4689
4702
4707
4712
4733
4751
4790
4818
4827
4837
4857
4904
4954
5003
5042
5043
5082
5121
5167
5211
5212
5261
5263
5264
5271
5274
5285
5295
5301
5327
5359
5395
5430
5468
5499
5501
5506
5510
5515
5554
5592
5598
5624
5660
5691
5714
5718
5724
5744
5769
5794
5822
5825
5826
5840
5856
5895
5934
5960
5963
5964
5970
5973
5975
6003
6038
6079
6128
6172
6190
6197
6207
6212
6222
6242
6278
6318
6352
6387
6427
6467
6493
6498
6507
6511
6528
6549
6553
6563
6590
6619
6644
6664
6668
6683
6686
6701
6725
6728
6755
6778
6783
6816
6854
6858
6878
6895
6899
6933
6987
7008
7012
7037
7056
7087
7141
7163
7168
7206
7233
7236
7249
7261
7270
7279
7311
7351
7385
7415
7444
7470
7473
7478
7482
7496
7519
7520
7523
7557
7590
7618
7639
7650
7668
7696
7725
7754
7782
7808
7835
7850
7858
7864
7871
7875
7881
7902
7938
7972
8003
8035
8067
8072
8101
8128
8136
8147
8167
8181
8192
8195
8200
8202
8203
8224
8238
8242
8251
8253
8263
8277
8291
8295
8305
8309
8317
8337
8363
8398
8417
8424
8427
8428
8433
8434
8437
8465
8497
8524
8539
8578
8589
8599
8606
8637
8664
8689
8714
8740
8755
8800
8845
8861
8918
8943
8946
8950
8954
8976
9000
9003
9006
9015
9036
9059
9062
9092
9112
9121
9133
9148
9177
9202
9228
9256
9277
9284
9297
9298
9314
9334
9338
9351
9375
9395
9400
9401
9404
9410
9413
9419
9422
9434
9463
9493
9513
9517
9521
9522
9531
9534
9552
9572
9576
9584
9593
9598
9612
9642
9671
9701
9730
9759
9789
9806
9810
9819
9823
9825
9826
9830
9833
9835
9849
9880
9910
9941
9943
9948
9951
9955
9968
9996
10025
10054
10082
10100
10107
10111
10114
10118
10124
10138
10161
10168
10196
10225
10254
10311
10341
10371
10403
10434
10465
10495
10523
10527
10529
10532
10552
10581
10609
10638
10666
10688
10691
10694
10699
10721
10751
10754
10776
10789
10796
10802
10806
10810
10830
10856
10884
10911
10939
10952
10961
10968
10997
11024
11029
11039
11046
11054
11068
11075
11076
11110
11133
11142
11150
11155
11165
11175
11184
11201
11210
11219
11242
11250
11256
11264
11273
11281
11282
11303
11304
11308
11312
11327
11381
11404
11405
11409
11435
11459
11465
11490
11506
11511
11514
11518
11543
11570
11597
11623
11628
11650
11675
11684
11688
11704
11726
11731
11745
11758
11773
11779
11784
11786
11793
11810
11836
11838
11860
11886
11910
11936
11961
11988
11992
12012
12031
12034
12062
12086
12090
12096
12099
12114
12140
12165
12185
12191
12197
12201
12215
12232
12240
12247
12248
12251
12264
12284
12293
12314
12331
12336
12346
12349
12361
12388
12392
12408
12432
12456
12476
12478
12485
12486
12488
12505
12530
12554
12588
12603
12627
12652
12677
12701
12721
12729
12750
12775
12799
12822
12828
12831
12848
12873
12878
12897
12918
12921
12945
12960
12973
12984
12993
13009
13014
13025
13043
13063
13076
13091
13115
13139
13163
13186
13209
13211
13233
13255
13278
13305
13323
13346
13369
13386
13391
13416
13430
13435
13439
13445
13448
13463
13483
13488
13510
13544
13548
13557
13568
13573
13578
13581
13589
13604
13627
13649
13673
13685
13696
13719
13741
13758
13759
13762
13770
13788
13816
13834
13860
13880
13926
13972
14007
14018
14063
14082
14085
14109
14156
14203
14221
14225
14230
14234
14250
14273
14297
14343
14366
14389
14435
14457
14480
14502
14525
14547
14570
14592
14614
14657
14684
14700
14726
14729
14744
14789
14833
14857
14861
14879
14925
14970
15017
15033
15064
15110
15157
15203
15247
15292
15314
15334
15374
15415
15437
15456
15499
15528
15544
15561
15589
15634
15680
15699
15727
15772
15799
15801
15815
15830
15838
15857
15893
15948
15950
15959
15984
15990
15991
15995
16002
16030
16035
16047
16049
16067
16087
16102
16122
16158
16164
16181
16182
16187
16190
16193
16201
16203
16221
16222
16231
16232
16235
16238
16242
16244
16246
16254
16259
16262
16272
16273
16280
16281
16289
16294
16297
16298
16304
16308
16313
16314
16317
16327
16328
16331
16336
16338
16346
16354
16357
16363
16370
16372
16383
16384
16390
16391
16396
16399
16416
16422
16428
16437
16444
16446
16452
16456
16463
16468
16470
16473
16483
16492
16497
16501
16504
16510
16511
16521
16522
16528
16536
16539
16545
16546
16551
16559
16561
16562
16566
16570
16575
16581
16586
16587
16589
16598
16599
16602
16605
16613
16618
16619
16623
16624
16628
16632
16634
16644
16646
16653
16655
16657
16659
16662
16666
16672
16673
16678
16679
16685
16686
16696
16700
16704
16707
16708
16711
16712
16713
16718
16721
16723
16725
16729
16733
16740
16744
16748
16751
16757
16764
16765
16771
16780
16784
16791
16796
16797
16807
16808
16809
16817
16820
16822
16826
16834
16840
16845
16847
16848
16850
16853
16855
16865
16866
16877
16878
16881
16882
16884
16886
16896
16898
16906
16910
16912
16917
16923
16924
16929
16930
16937
16941
16945
16947
16952
16956
16959
16966
16967
16972
16978
16979
16986
16987
16993
16997
16999
17003
17009
17014
17018
17029
17030
17035
17044
17045
17048
17051
17056
17060
17071
17077
17083
17090
17095
17096
17108
17112
17114
17120
17125
17131
17137
17143
17151
17153
17155
17162
17168
17169
17182
17185
17187
17188
17196
17199
17206
17215
17216
17232
17236
17245
17247
17248
17263
17267
17269
17272
17274
17282
17283
17290
17292
17298
17300
17303
17308
17309
