-1621
1529
-1617
-1617
1514
-1720
1571
-1770
1712
-1868
1792
-1913
1775
-1945
1881
-1994
1768
-1892
1828
-1977
1915
-1964
1883
-2213
2026
-2142
2040
-2205
2207
-2323
2092
-2239
2104
-2225
2139
-2245
2359
-2402
2276
-2572
2533
-2674
2416
-2609
2740
-3009
2787
-2785
2680
-2764
2585
-2844
2841
-2812
2562
-2866
2731
-2891
2903
-2903
3054
-3151
3206
-3077
3111
-3104
3076
-3317
2997
-3075
3095
-3126
3159
-3215
3124
-3343
3365
-3412
3277
-3295
3444
-3288
3012
-3268
3158
-3179
3106
-3555
3289
-3605
3647
-3626
3535
-3881
3827
-3950
3958
-4175
4364
-4491
4384
-4375
3839
-3950
4015
-4099
4001
-3990
4047
-4464
4369
-4490
4476
-4719
4549
-4371
4387
-4910
4850
-4871
4352
-4158
4194
-4129
4251
-4477
4369
-4091
4330
-4141
3965
-4025
3915
-3876
4111
-4203
3773
-3799
3690
-3925
3807
-3585
3610
-3920
3756
-3777
4082
-4532
4023
-3901
4039
-3999
4200
-4427
4101
-3863
4049
-4432
4287
-4571
4445
-4168
4027
-4020
4145
-4469
4418
-4516
4539
-4792
4788
-4792
4805
-4838
4756
-4641
4951
-4858
4770
-4536
4674
-4783
4655
-5177
5049
-5070
5252
-4809
4841
-4834
4925
-5347
5163
-5563
5496
-5604
5393
-5260
5369
-5586
5593
-5252
5094
-5251
5365
-5652
5532
-5420
5588
-5739
6012
-6112
6380
-6423
6368
-6259
6421
-6590
5944
-6318
6170
-6180
6215
-6291
5750
-5962
6029
-6039
6373
-6358
5716
-5936
5660
-5938
5947
-6158
6128
-5789
5484
-5699
5478
-5810
5406
-5634
6299
-6229
6102
-6254
6035
-6245
5874
-6034
6063
-6257
5598
-5762
6201
-6149
6312
-7105
6781
-7044
6549
-7513
7193
-7189
6789
-7119
7930
-7247
6889
-7285
7945
-7138
7353
-6886
6670
-6870
6717
-6638
6480
-6690
6579
-6728
6655
-6917
7276
-7638
7726
-7829
7608
-7783
7902
-7470
7347
-7508
7542
-7644
7424
-7531
7274
-7801
7444
-7474
6972
-7406
7307
-6996
7146
-7453
7062
-7250
7669
-7764
1513
