819
889
957
958
1023
1093
1158
1224
1285
1347
1404
1461
1517
1570
1624
1675
1724
1768
1820
1867
1914
1936
1956
2002
2025
2046
2066
2087
2104
2126
2146
2168
2210
2249
2269
2289
2325
2363
2382
2402
2439
2473
2509
2544
2580
2613
2648
2666
2683
2717
2732
2749
2783
2817
2850
2866
2882
2897
2913
2928
2943
2974
3005
3020
3035
3050
3066
3097
3112
3127
3143
3158
3173
3188
3203
3218
3248
3263
3278
3293
3308
3338
3353
3368
3383
3398
3429
3458
3472
3487
3516
3544
3573
3601
3629
3657
3684
3711
3739
3765
3791
3817
3843
3869
3895
3922
3949
3962
3976
4002
4028
4054
4079
4105
4130
4155
4181
4206
4232
4256
4268
4280
4305
4317
4329
4353
4377
4400
4424
4436
4448
4471
4495
4507
4519
4543
4567
4591
4615
4639
4662
4674
4685
4708
4732
4743
4755
4777
4800
4812
4824
4835
4847
4870
4893
4905
4916
4939
4950
4961
4984
4994
5005
5016
5027
5038
5049
5060
5071
5092
5114
5136
5158
5169
5180
5191
5202
5223
5234
5244
5255
5266
5286
5308
5329
5351
5372
5383
5393
5404
5415
5436
5457
5478
5500
5521
5541
5551
5561
5581
5600
5620
5630
5640
5660
5681
5691
5701
5722
5742
5753
5763
5784
5805
5825
5835
5845
5865
5885
5904
5923
5943
5963
5983
5993
6003
6022
6042
6063
6084
6105
6115
6125
6136
6146
6166
6186
6196
6206
6215
6224
6243
6253
6263
6282
6302
6321
6341
6362
6382
6403
6424
6445
6465
6475
6485
6505
6525
6544
6564
6583
6603
6623
6643
6663
6673
6683
6694
6704
6714
6724
6735
6745
6766
6786
6807
6817
6827
6837
6847
6856
6866
6876
6886
6896
6906
6925
6945
6965
6985
7006
7026
7047
7068
7089
7111
7131
7152
7172
7193
7212
7232
7252
7272
7292
7313
7334
7355
7376
7397
7418
7440
7461
7482
7500
