-22528
24948
-18304
0
14656
0
0
0
0
14688
0
-18432
-18432
14592
-18240
14624
-18432
14688
0
-18432
0
-18432
14592
-18304
14736
-18304
14464
14624
-18432
0
14752
-18304
14592
-18176
14624
-18176
14464
-18304
14592
-18176
0
14688
0
0
0
14528
0
14464
-18432
0
0
0
0
0
-18432
0
0
0
-18304
0
0
0
0
-18432
0
0
-18304
14464
-18432
0
0
0
-18144
0
0
-18304
-18304
14336
-18432
14592
-18432
14336
14336
-18432
-18432
14464
-18432
14592
14624
14624
-18432
-18432
14528
0
0
0
0
0
0
0
-18432
0
0
0
0
0
-18432
0
-18432
14656
-18240
-18432
14336
-18144
14624
-18304
14624
-18304
14624
14624
-18304
14336
-18432
14656
0
0
0
0
14592
-18112
14624
-18432
0
0
0
0
0
0
-18176
0
0
0
0
0
0
-18432
14528
14336
-18304
14336
0
0
0
0
-18304
0
0
0
0
-18432
0
0
0
0
-18304
0
0
-18304
0
0
0
-18304
0
0
0
-18304
0
0
14528
-18432
14528
-18176
14464
-18240
-18240
14464
14464
-18144
0
-18304
14528
14464
-18432
-18432
0
0
0
0
14624
-18176
0
0
-18240
14624
-18432
0
0
0
-18432
0
0
-18432
14592
-18432
0
0
0
0
-18432
0
-18432
14528
-18432
14528
-18432
14464
-18240
14528
-18304
0
0
-18304
-18304
14656
-18432
-18432
0
0
0
0
-18304
-18304
-18304
14464
-18304
0
0
0
-18432
0
0
0
0
0
-18304
0
0
0
0
-18432
14592
-18432
0
0
0
-18432
14592
-18432
0
14624
0
0
-18432
-18432
14528
-18240
0
14624
0
14624
0
14624
-18240
14464
14464
-18240
14528
-18176
-18176
14592
-18432
14688
-18432
14464
-18432
14336
14624
-18432
14656
-18304
14624
0
0
0
14736
0
0
0
0
0
14752
0
0
0
14624
0
0
14624
0
14624
0
0
0
14528
0
14528
0
0
0
14592
-18304
14624
-18432
14752
0
-18304
14624
0
0
14720
0
0
0
14688
0
0
0
14720
0
14592
-18432
0
14656
-18432
14528
0
0
14592
0
0
0
14656
0
0
14656
0
0
0
14624
0
0
0
0
0
14592
-18432
14528
14528
-18432
14800
0
0
0
0
0
0
0
14736
0
0
14736
0
0
0
0
14736
-18432
14720
0
0
14736
0
14736
0
0
14736
0
0
0
0
0
14656
0
-18432
14592
0
14624
0
0
0
0
0
14720
0
0
0
14752
0
0
14752
0
0
0
0
0
0
0
14768
0
0
0
0
0
0
14720
0
0
0
14720
0
0
0
0
0
0
14720
0
0
0
0
0
0
14736
0
0
0
14784
-18432
0
14752
0
14752
0
0
0
0
14768
0
0
0
14736
0
0
14736
0
0
0
0
0
14800
0
0
0
0
0
0
14736
0
0
0
0
14720
0
0
0
0
0
0
14656
0
0
14624
-18432
14592
-18304
14336
-18304
14592
-18240
14464
-18240
0
14720
0
0
-18304
14528
0
0
0
0
0
14464
0
0
0
14464
0
0
0
0
14592
-18144
14464
-18304
-18304
14336
-18432
14336
-18304
0
0
0
-18432
0
0
0
0
-18432
14336
-18304
0
0
-18144
14464
-18432
-18432
0
0
-18432
0
-18432
0
0
0
-18432
0
0
0
0
0
0
-18304
0
0
0
0
0
-18176
0
0
-18304
14464
-18176
14464
-18240
14336
-18304
-18176
14464
-18432
0
-18304
14464
0
0
0
14736
-18432
0
-18432
-18432
14336
14336
14464
-18432
-18304
14464
-18304
14336
-18432
0
0
-18240
14528
-18432
0
0
0
0
-18304
0
0
0
0
-18112
0
0
14528
-18432
0
0
0
0
-18432
0
0
-18432
0
0
0
0
0
0
-18432
0
0
0
0
-18240
0
0
0
-18304
0
0
0
-18304
14464
-18304
0
0
0
0
-18176
14528
-18432
14464
-18176
0
-18432
0
-18432
0
0
0
0
0
-18176
0
0
0
-18304
14528
-18304
0
0
-18432
0
0
0
0
-18304
14592
14592
-18304
14336
-18304
14336
-18304
0
0
0
0
0
-18432
14464
-18080
14336
14336
-18240
14336
-18432
0
0
0
-18432
-18432
14336
14336
-18432
14656
-18432
14720
14464
-18304
0
0
0
0
0
0
-18432
0
-18432
0
-18304
14336
-18432
-18432
14592
-18432
0
0
0
0
0
-18432
0
0
-18432
0
0
-18304
14528
-18240
0
0
14624
-18432
14624
-18432
-18432
14592
-18304
-18304
14592
14592
-18432
14336
14624
-18432
0
0
-18304
14528
0
0
0
0
0
14688
0
0
0
14656
0
0
14720
-18432
14528
-18432
0
14592
14592
-18432
0
14736
0
0
0
0
0
14592
-18432
14336
-18432
14656
-18432
14656
0
0
0
14784
0
-18432
14656
0
0
0
0
0
0
14752
0
0
0
14656
0
0
0
0
14688
0
0
0
14688
0
0
14688
0
0
0
0
14784
0
0
0
14720
0
0
0
14752
0
-18304
14720
0
14752
-18432
14464
0
0
0
0
14688
0
0
0
0
0
14784
0
0
0
14688
0
14688
0
0
0
14752
0
0
0
0
0
0
14768
0
0
0
14832
0
0
0
0
0
0
0
14816
0
0
0
0
0
14856
0
0
0
0
0
0
14784
0
0
0
0
0
14848
0
0
0
0
0
0
0
14848
0
0
0
14800
0
0
0
0
14768
0
-18176
0
0
0
-18432
0
-18432
0
0
0
0
0
0
0
0
0
0
0
0
0
-17768
0
0
0
0
0
0
0
0
0
0
0
0
0
0
0
0
0
0
0
0
-17596
0
0
0
0
0
0
0
0
0
0
0
0
0
0
0
-17550
0
0
0
0
0
0
0
0
0
0
0
-17612
0
0
0
0
0
0
0
0
0
0
-17662
0
0
0
0
0
0
0
0
0
0
0
0
0
0
0
0
0
-17808
0
0
0
-17848
0
0
0
0
0
0
0
0
-18176
14656
-18432
0
0
0
14800
0
0
0
0
0
0
14872
0
0
14872
0
0
0
0
14864
0
0
0
0
0
14952
0
0
0
14968
0
0
0
14992
0
0
0
14992
0
0
0
15008
0
0
0
0
0
0
0
0
0
0
0
0
0
0
0
0
0
0
0
0
0
0
0
0
0
0
0
0
0
0
0
0
0
0
0
0
0
15238
0
0
0
0
0
0
15252
0
0
0
0
15251
0
0
0
0
15257
0
0
0
0
0
15248
0
0
0
0
0
0
0
0
0
0
0
0
0
0
0
0
0
0
0
0
0
0
15142
0
0
0
0
0
15122
0
0
0
0
0
0
0
15088
0
0
0
0
0
0
0
0
0
0
0
0
0
0
0
0
0
0
0
0
14880
0
0
0
14832
0
0
0
14752
0
14752
-18432
14656
-18432
14592
-18240
0
0
0
0
-18432
0
0
0
0
0
0
-18240
0
0
0
0
0
-17952
0
0
-17952
0
0
0
-17896
0
0
0
0
0
0
0
0
0
0
0
-17816
0
0
0
0
-17788
0
0
0
0
0
-17748
0
0
0
0
0
-17744
0
0
0
0
0
0
0
0
0
-17644
0
0
0
-17638
0
0
0
0
0
0
0
0
0
0
0
0
0
-17562
0
0
0
0
0
0
0
-17538
0
0
0
0
0
0
0
-17534
0
-17534
0
-17534
0
0
0
-17546
0
0
0
-17550
0
0
0
0
0
0
0
0
0
0
0
0
0
0
-17614
0
0
0
0
0
0
0
0
0
0
0
0
-17660
0
0
0
0
0
0
0
0
0
0
0
0
-17764
0
0
0
0
0
0
0
0
0
0
-17888
0
0
0
0
0
-17920
0
0
0
-18000
0
0
0
-18176
0
0
0
-18304
0
0
0
0
0
0
0
0
0
0
-18240
-18240
0
0
14768
0
14768
0
0
0
0
14800
0
0
0
14784
0
0
14784
0
0
0
0
0
0
14912
0
0
0
0
0
14936
0
0
0
0
0
14968
0
0
0
0
14980
0
0
0
0
0
0
15048
0
0
0
0
0
15068
0
0
0
0
15108
0
0
0
0
15126
0
0
0
0
0
0
0
0
0
0
15176
0
0
0
0
0
0
0
0
0
0
0
0
0
0
0
15238
0
0
0
0
0
0
15243
0
0
0
0
15244
0
0
0
15243
0
0
15243
0
0
0
0
0
15237
0
0
0
0
0
0
0
0
0
0
0
0
0
0
0
0
0
0
0
15156
0
0
0
0
0
0
0
0
0
15106
0
15106
0
0
0
0
15072
0
0
0
15060
0
0
0
0
0
0
0
14996
0
0
0
0
0
0
14944
0
0
0
14944
0
0
0
0
0
0
0
0
0
0
0
0
0
14528
-18432
14528
14528
-18432
0
0
-18432
0
0
0
-18016
0
0
0
0
-18048
0
0
0
-18176
0
0
0
-18080
0
0
0
0
0
-18080
0
0
0
0
0
-17936
0
0
0
0
-17880
0
0
0
0
0
0
0
0
-17808
0
-17808
0
0
0
0
-17772
0
0
0
-17748
0
0
0
0
0
0
0
0
0
0
0
0
0
0
0
0
0
0
0
0
0
0
0
0
0
0
0
0
0
0
0
0
0
0
0
0
0
0
0
0
0
0
-17486
0
0
0
0
0
-17488
0
0
0
0
0
0
0
0
0
0
0
0
0
0
0
0
0
0
0
0
0
-17590
0
0
0
0
0
0
0
0
0
0
0
0
0
0
-17708
0
0
0
-17736
0
0
0
0
0
0
0
-17760
0
0
0
-17768
0
0
0
0
-17816
0
0
0
0
0
0
0
-18032
0
0
0
0
-18000
0
0
0
-17968
0
0
0
0
-18112
0
0
0
-18144
0
-18144
0
0
14752
0
0
0
14784
0
0
0
0
0
0
14720
0
0
0
0
14784
0
0
0
14736
0
0
0
0
0
14816
0
0
0
0
0
0
0
0
14904
0
0
0
0
14960
0
0
0
14960
0
0
0
0
0
14944
0
0
0
14920
0
14920
0
0
0
14960
0
0
0
0
0
0
0
0
0
0
15044
0
15044
0
0
0
0
0
0
0
0
15116
0
0
0
0
0
0
0
0
15156
0
0
0
0
0
0
0
0
0
0
0
0
0
0
0
0
0
0
0
0
0
0
0
0
0
0
0
0
15301
0
0
0
15300
0
0
0
0
0
0
0
0
0
0
0
0
0
0
0
0
0
0
0
0
0
0
0
0
0
0
0
0
0
0
0
0
0
0
0
0
0
0
0
0
0
15064
0
0
0
0
0
0
15024
0
0
0
15004
0
0
0
0
0
0
0
0
0
0
0
14912
0
0
0
0
0
14904
0
0
0
0
14800
0
0
0
14752
0
0
0
14688
-18304
14656
14528
-18432
14528
0
0
-18176
0
0
0
0
0
0
-18080
0
0
0
0
0
-18144
0
0
0
-18000
0
0
0
0
0
0
0
0
0
0
0
-17800
0
0
0
0
-17780
0
0
0
-17772
0
0
0
0
0
0
0
0
0
0
0
0
0
0
0
0
0
0
0
0
0
0
0
0
0
0
0
0
0
0
0
0
0
0
0
0
0
0
-32768
-32768
-32768
0
0
-32768
-32768
0
0
0
0
0
0
0
0
0
0
0
0
0
0
0
0
0
0
0
0
0
0
0
0
0
0
0
0
0
0
0
-17660
0
0
0
0
0
0
0
0
0
0
0
-17772
0
0
0
0
-17792
0
0
0
0
0
0
0
0
0
0
0
0
0
-18016
0
0
0
0
0
0
0
-18432
0
0
14720
0
0
0
0
14784
0
0
0
0
0
0
0
0
14872
0
0
0
0
0
0
14864
0
0
0
14864
0
0
0
0
0
0
0
0
14976
0
0
0
0
0
0
0
0
0
0
0
0
0
0
0
0
0
0
0
0
0
0
0
0
0
0
0
0
0
0
0
0
-32768
0
15409
15409
-32768
15409
-32768
-32768
-32768
-32768
-32768
-32768
-32768
0
0
0
0
0
0
0
0
0
0
0
0
0
0
0
0
0
0
0
0
0
0
0
0
0
0
0
0
15000
0
0
0
0
0
0
0
0
0
14832
0
0
-18304
14464
-18432
0
0
0
-18176
0
0
0
-18144
0
-18144
0
0
0
0
-18144
0
-18144
0
0
0
0
0
0
-18432
0
0
0
0
0
-17984
0
0
0
0
-17968
0
0
0
-17920
0
0
0
0
-17936
0
0
-17936
0
0
0
0
0
0
0
0
0
0
0
0
0
0
0
0
0
-17736
0
0
0
0
0
0
0
0
0
0
0
0
0
0
0
0
0
0
0
0
0
0
0
0
0
-32768
0
-32768
0
0
-32768
-32768
0
-32768
0
-32768
0
-32768
-32768
-32768
0
-32768
-32768
-32768
0
0
0
0
0
0
0
0
0
0
0
0
0
0
0
0
0
0
0
0
0
0
0
0
0
0
0
0
0
0
-17920
0
0
0
0
0
-17984
0
-17984
0
0
0
0
0
-18176
0
0
0
0
0
-18432
0
0
0
0
14800
0
0
0
0
0
14832
0
14832
0
0
0
14848
0
0
0
0
0
0
0
0
0
14912
0
0
0
0
0
0
14944
0
0
0
0
14936
0
0
0
0
0
0
0
0
0
0
0
0
15048
0
0
0
0
0
0
0
0
0
0
0
0
0
0
0
-32768
-32768
-32768
-32768
-32768
15457
-32768
-32768
-32768
-32768
-32768
-32768
-32768
-32768
-32768
-32768
0
0
0
0
0
0
0
0
0
0
0
0
0
0
0
0
0
0
0
0
14980
0
0
0
0
0
14960
0
0
0
14888
0
14888
0
0
0
14872
0
14872
0
0
0
14848
0
0
0
0
0
14720
0
14720
0
0
0
0
14656
0
-18304
0
0
0
0
0
0
0
0
-18176
0
0
0
0
0
-18176
0
-18176
0
0
0
0
-18176
0
0
0
0
0
0
0
0
0
0
0
0
0
-17904
0
0
0
0
0
-17912
0
0
0
-17904
0
0
0
0
0
0
0
0
0
0
0
0
-17824
0
0
0
0
-17776
0
0
0
0
0
-17724
0
0
0
0
0
0
0
0
0
0
0
0
0
0
0
0
0
0
0
0
0
0
-32768
-32768
0
0
0
0
-32768
-32768
-32768
0
-32768
-32768
0
0
-32768
0
0
0
0
0
0
0
0
0
0
0
0
0
0
0
0
0
0
0
0
0
0
0
0
0
0
0
0
0
0
0
0
0
0
0
0
0
0
0
0
0
-18048
0
0
0
0
0
-18016
0
0
0
0
0
0
0
-18432
0
0
0
0
14832
0
0
0
0
0
0
0
14816
0
0
0
0
0
0
0
14896
0
0
0
14880
0
0
0
14888
0
0
0
0
0
14848
0
0
0
0
0
0
0
0
0
0
0
0
0
0
0
0
15064
0
0
0
0
0
0
0
0
0
0
0
0
0
0
0
0
0
0
-32768
-32768
-32768
-32768
-32768
15470
-32768
-32768
-32768
-32768
-32768
-32768
0
0
0
0
0
0
0
0
0
0
0
0
0
0
0
0
0
0
0
0
0
0
0
0
0
14952
0
0
0
0
0
0
0
14832
0
14832
0
0
0
0
14656
0
-18432
0
0
-18432
0
0
0
0
0
-18144
0
0
0
0
-17984
0
0
0
-17984
0
0
0
0
-17880
0
0
0
0
0
-17912
0
0
0
0
-17912
0
0
0
-17920
0
0
0
0
0
0
0
0
0
0
0
0
0
0
0
0
0
0
0
0
0
0
0
0
-32768
-32768
-32768
0
0
0
-32768
-32768
0
-32768
0
-32768
-32768
-32768
-32768
-32768
-32768
0
0
0
0
0
0
0
0
0
0
0
0
0
0
0
0
0
0
0
-17792
0
0
0
0
0
0
0
0
-18240
14624
-18304
0
14848
0
0
0
0
0
0
14904
0
0
0
14928
0
0
0
14912
0
0
0
0
0
14872
0
14872
0
0
0
0
0
0
0
0
15012
0
15012
0
0
0
0
0
15032
0
15032
0
0
0
0
0
0
0
0
0
0
0
0
0
0
0
0
0
0
0
0
0
0
0
0
-32768
-32768
-32768
-32768
15445
-32768
-32768
-32768
-32768
-32768
-32768
0
0
0
0
0
0
0
0
0
0
0
0
0
0
0
0
0
0
0
15000
0
0
0
0
0
0
0
0
0
0
0
0
0
0
0
0
0
0
14768
0
0
0
0
0
14688
-18304
0
0
0
0
0
-18304
0
0
0
0
0
0
-18304
0
0
0
0
0
0
0
0
0
-17952
0
0
0
0
-17952
0
0
0
-17952
0
0
0
0
-17816
0
0
0
0
-17772
0
0
0
0
0
-17776
0
0
0
0
0
0
0
0
0
0
0
0
0
0
0
0
-32768
-32768
-32768
-32768
0
-32768
0
-32768
-32768
0
-32768
-32768
0
-32768
0
0
0
-32768
-32768
0
0
0
0
0
0
0
0
0
0
0
0
0
0
0
0
0
0
0
0
0
0
0
0
-18000
0
0
-18000
0
0
0
-18144
0
0
0
-18144
0
0
0
-18144
0
0
0
0
0
-18176
14336
0
0
0
14800
0
0
0
14872
0
0
0
0
14856
0
0
0
14880
0
0
0
0
0
0
0
14816
0
0
0
0
0
14856
0
0
0
0
0
0
0
0
0
0
0
15004
0
0
0
0
0
0
0
0
0
0
0
0
0
0
0
0
0
-32768
0
-32768
-32768
-32768
15484
-32768
-32768
-32768
-32768
-32768
-32768
-32768
0
0
0
0
0
0
0
0
0
0
0
0
0
0
0
0
0
0
0
0
0
0
14864
0
0
0
0
0
14848
0
0
0
0
0
14800
0
0
0
0
0
0
0
0
0
14720
0
0
0
14624
0
0
14624
-18304
14336
0
-18240
0
-18240
0
0
0
-18240
0
0
-18144
14336
-18432
0
0
0
-18304
0
0
0
0
-18048
0
0
0
0
-17968
0
0
0
0
0
0
0
-17968
0
0
0
-18032
0
0
0
0
0
-17952
0
0
0
0
0
0
0
-17872
0
0
0
0
0
0
0
0
0
0
-17776
0
0
0
-17740
0
0
0
0
0
0
0
0
0
0
0
0
0
0
0
0
0
0
0
0
0
0
0
0
0
0
0
0
0
0
0
0
0
0
0
0
0
0
0
0
0
0
0
-17451
0
0
0
0
0
-17461
0
0
0
0
0
0
0
0
0
0
0
0
0
0
0
0
0
0
0
0
0
0
0
0
0
0
0
0
0
0
0
0
-17816
0
0
0
0
0
0
0
0
0
-18016
0
0
0
0
0
-18048
0
0
0
0
0
-17984
0
0
0
0
-18032
0
0
0
0
0
0
0
0
-18240
0
0
-18304
14464
-18304
14336
14336
-18176
0
0
0
0
0
0
-18240
14592
14592
0
14592
0
0
0
14624
0
14528
-18304
-18304
14688
0
0
0
0
0
0
14784
0
0
0
14800
0
0
0
0
0
0
0
14872
0
0
0
0
0
14864
0
0
0
0
0
0
0
14888
0
0
0
0
0
14896
0
0
0
14872
0
0
0
14880
0
0
0
14872
0
0
0
0
0
14848
0
0
0
14864
0
0
0
0
0
0
0
14896
0
0
0
0
0
0
0
0
0
0
0
0
0
0
15032
0
0
0
0
0
0
0
0
0
0
0
0
0
0
0
0
0
0
0
0
0
0
0
0
0
0
-32768
-32768
15378
-32768
-32768
-32768
-32768
-32768
0
0
0
0
0
0
0
0
0
0
0
0
0
0
0
0
0
0
0
0
0
0
0
0
0
0
0
0
0
0
0
14952
0
0
0
0
0
14912
0
0
0
0
0
14912
0
0
0
14880
0
0
0
14896
0
0
0
0
0
0
0
14736
0
0
0
14720
0
0
0
14624
14624
-18432
14336
-18176
0
0
0
-18080
0
0
0
-18080
0
0
0
-18032
0
0
0
0
0
0
0
0
-18432
14336
-18304
0
0
0
0
0
-17984
0
0
0
0
-18032
0
0
0
0
0
-18048
0
0
0
0
0
0
0
-17896
0
0
0
0
0
0
0
0
0
-17888
0
0
0
0
0
0
0
0
0
0
0
0
-17732
0
0
0
0
0
0
0
0
0
0
0
0
0
0
0
0
0
0
0
-32768
-32768
0
-32768
-32768
0
0
0
-32768
0
0
0
0
0
-32768
-32768
-32768
-32768
-32768
-32768
0
0
0
0
0
0
0
0
0
0
0
0
0
0
0
0
0
0
0
0
0
0
0
0
0
0
0
-17936
0
-17936
0
0
0
0
0
-18016
0
0
0
-18080
0
0
0
-18144
0
0
0
0
-18432
14688
-18432
14656
0
0
0
0
0
0
14800
0
0
0
14800
0
0
0
0
0
0
0
14912
0
0
0
14928
0
0
0
0
0
14912
0
0
0
14920
0
0
0
0
14912
0
0
0
0
0
0
0
0
0
0
0
0
0
0
0
0
0
0
0
-32768
-32768
-32768
-32768
-32768
-32768
15483
-32768
-32768
-32768
-32768
0
0
0
0
0
0
0
0
0
0
0
0
0
0
0
0
0
14976
0
0
0
0
0
0
14880
0
0
0
14872
0
0
0
14656
-18432
-18432
14656
14656
-18304
0
0
0
0
-18112
0
0
0
0
0
-17968
0
0
0
0
0
0
0
0
0
-17968
0
0
0
0
0
0
0
-17864
0
0
0
-17800
0
0
0
0
-17772
0
0
0
0
0
0
0
0
0
0
0
0
0
0
0
0
0
0
0
-32768
0
-32768
-32768
0
0
0
0
0
-32768
0
0
-32768
-32768
-32768
0
-32768
0
-32768
0
0
0
0
0
0
0
0
0
0
0
0
0
0
0
0
0
0
0
-17848
0
0
0
0
0
0
0
0
0
0
0
0
0
0
-18432
14592
-18304
14624
-18432
0
0
0
0
0
14896
0
0
0
0
14816
0
0
0
0
0
0
0
0
0
0
14976
0
0
0
0
0
0
0
0
15008
0
0
0
15020
0
0
0
0
0
0
0
0
0
0
0
0
0
0
0
0
-32768
-32768
-32768
16384
16384
-32768
-32768
0
0
0
0
0
0
0
0
0
0
0
0
0
0
0
0
0
0
14996
0
0
0
0
0
0
0
0
0
-18304
-18304
0
0
0
0
0
0
0
0
0
0
0
-18080
0
0
0
-18032
0
0
-18032
0
0
0
0
0
0
-17920
0
0
0
-17904
0
0
0
0
0
0
0
0
0
0
0
0
0
0
0
0
0
0
0
0
0
0
-32768
0
-32768
-32768
16384
0
0
-32768
0
-32768
0
0
0
0
0
0
0
0
0
0
0
-17784
0
0
0
0
0
0
0
0
0
0
-17872
0
0
0
0
0
0
0
0
-18000
14624
-18432
0
0
0
0
-18112
0
0
0
0
0
14872
0
0
0
0
0
0
0
0
0
0
0
0
0
0
0
0
-32768
-32768
16384
16384
16384
16384
-32768
0
0
0
0
0
0
0
0
0
0
0
0
0
0
0
0
14980
0
0
0
14912
0
0
0
0
14880
0
0
0
14592
-18432
-18432
14720
-18112
0
0
-18176
0
0
0
-18240
0
0
0
0
0
0
0
0
-17888
0
0
0
0
0
0
0
0
0
0
0
0
0
0
0
0
0
-32768
-32768
-32768
16384
-32768
16384
-32768
-32768
0
-32768
0
0
-32768
0
0
0
0
0
0
0
0
0
0
0
0
0
0
0
-17968
0
0
-18240
14336
14464
-18432
14624
-18304
0
14856
0
0
0
0
0
0
0
0
0
0
14784
0
0
0
0
14912
0
0
0
0
0
14996
0
0
0
14984
0
0
0
0
0
0
0
0
0
0
-32768
-32768
-32768
16384
16384
-32768
0
0
0
0
0
0
0
0
0
0
0
0
0
0
0
0
0
0
0
14832
0
0
0
14784
0
0
0
14592
-18432
-18240
14856
0
-18032
0
0
-17968
0
0
0
0
0
-17984
0
0
0
0
0
0
0
0
0
0
0
0
0
-32768
0
-32768
-32768
0
-32768
16384
16384
16384
-32768
-32768
0
0
0
0
0
0
0
0
0
0
0
0
0
-18032
0
0
0
0
0
0
0
0
-32768
-32768
-32768
16384
-16384
16384
-16384
16384
16384
-32768
-32768
0
0
0
0
0
0
0
0
0
0
0
0
-18304
0
0
0
0
0
0
0
0
0
0
0
0
0
0
-32768
16384
-32768
0
-32768
0
0
0
0
0
0
0
0
0
0
0
0
0
0
0
-17896
0
0
0
-17848
0
0
0
0
0
0
0
-18432
0
0
-18304
0
0
14800
0
0
0
0
0
0
14784
0
0
0
0
0
14880
0
0
0
14928
0
0
0
0
14856
0
0
0
0
14896
0
0
0
0
14928
0
0
0
0
0
0
0
0
0
0
0
0
0
0
0
0
0
0
0
-32768
-32768
-32768
16384
-32768
-16384
16384
0
16384
-32768
-32768
0
0
0
0
0
0
0
0
0
0
0
0
0
14832
-17936
0
0
0
0
0
-32768
0
-32768
16384
16384
-32768
-32768
-32768
0
0
0
-32768
0
-32768
0
0
0
0
0
0
0
0
0
0
0
0
-18304
0
0
0
0
0
0
0
-32768
-32768
-32768
15536
-32768
-32768
-32768
-32768
0
0
0
0
0
0
0
0
0
0
0
0
14864
0
-18016
0
0
0
0
0
0
0
0
0
-32768
16384
16384
0
0
-32768
-32768
0
-32768
0
0
0
0
0
0
0
0
0
0
0
0
-18240
0
0
0
0
0
0
0
0
0
0
0
-32768
0
16384
-32768
-32768
16384
-32768
-32768
-32768
-32768
-32768
0
0
0
0
0
0
0
0
0
0
0
0
0
0
0
-18304
-18304
0
0
0
0
0
0
0
0
0
0
0
0
0
16384
16384
16384
16384
-32768
-32768
16384
-32768
0
-32768
0
0
0
0
0
0
0
0
-18240
-18240
0
0
0
0
0
0
0
0
0
0
0
0
0
0
0
16384
-16384
16384
16384
-32768
-32768
16384
0
0
0
0
0
0
0
0
0
0
0
0
0
0
14336
-18304
0
0
0
0
0
0
0
-32768
0
-32768
16384
-32768
-16384
-32768
-32768
0
0
-32768
0
0
0
0
0
0
0
0
0
0
0
0
0
0
0
-18000
0
0
0
0
0
0
0
0
0
-32768
-32768
-32768
16384
-32768
15523
-32768
-32768
16384
-32768
0
0
0
0
0
0
0
0
0
0
15044
0
0
0
0
0
0
14976
0
0
0
0
14928
0
0
0
0
0
-18176
0
0
-18432
0
0
0
-18432
0
0
0
14336
-18432
-18432
0
0
0
0
0
0
0
0
0
0
0
0
0
0
0
0
0
0
0
0
-32768
-32768
0
-32768
16384
16384
-32768
-32768
0
-32768
-32768
0
0
0
0
0
0
0
0
0
0
0
0
0
-17808
0
0
0
0
0
-18176
0
0
14904
0
14904
0
0
0
0
-18144
0
0
-18304
0
0
0
0
0
0
15000
0
0
0
0
15016
0
0
0
0
0
0
0
0
0
0
0
0
0
-32768
-32768
-32768
16384
-32768
16384
-32768
-32768
-32768
-32768
0
0
0
0
0
0
0
0
14944
0
0
-18032
0
0
0
0
0
0
0
-32768
16384
0
0
16384
-32768
0
0
0
0
0
0
0
0
0
0
-17968
0
0
0
0
-32768
-32768
16384
16384
16384
-32768
-32768
-32768
0
0
0
0
0
0
0
0
0
0
0
0
0
0
0
0
0
0
0
0
0
14832
0
0
0
0
0
0
0
14800
0
0
0
0
0
14768
14720
-18176
0
0
-18016
0
0
-18016
0
0
0
-17968
0
0
0
0
0
0
0
0
0
0
0
0
-32768
0
-32768
0
0
0
-32768
0
0
-32768
-32768
0
-32768
0
0
0
0
0
0
0
0
0
0
0
0
0
0
0
0
0
-18112
-18112
14768
-18304
-18304
14528
-18432
0
0
-18304
0
0
0
-18176
14528
0
0
0
0
0
0
0
0
0
0
0
0
0
0
0
-32768
-32768
16384
-32768
16384
-32768
16384
-32768
-32768
-32768
-32768
-32768
0
0
0
0
0
0
0
0
0
-18176
0
0
0
0
0
0
0
0
-32768
-32768
-32768
-32768
-32768
16384
-32768
-32768
16384
16384
-32768
-32768
0
0
0
0
0
0
0
-18144
0
0
0
0
0
0
0
0
-32768
-32768
-32768
-32768
16384
16384
-16384
-16384
0
0
0
0
0
0
0
0
0
0
0
0
0
0
0
0
0
15000
0
0
0
0
0
14976
0
0
0
0
-18176
0
0
-18304
-18304
14528
-18304
0
-18032
0
0
0
0
0
0
-17888
0
0
0
0
0
0
-17832
0
0
0
0
0
0
0
0
0
0
0
0
0
0
0
0
0
-32768
0
16384
-32768
-32768
0
0
0
0
0
0
0
0
0
0
0
0
0
-18112
0
0
0
-18000
14976
0
0
0
0
0
0
14928
0
-18432
0
0
0
0
15004
0
0
0
15008
0
0
0
0
0
0
0
0
0
0
0
0
0
0
0
-32768
-32768
16384
16384
-16384
16384
-32768
16384
0
0
0
0
0
0
0
0
0
0
0
0
0
0
0
0
0
0
0
0
0
14656
0
14656
0
0
0
14592
-18176
-18176
0
-18016
0
0
0
0
0
0
0
0
0
-17968
0
0
0
0
-17888
0
0
0
0
0
0
0
0
0
0
0
0
-32768
-32768
16384
16384
16384
16384
16384
16384
-32768
0
0
0
0
0
0
0
0
0
0
0
0
0
0
0
0
0
0
0
0
-18240
14624
-18304
-18304
0
-18304
0
0
0
-18432
0
-18432
14592
14624
-18304
0
0
0
-18432
-18432
14816
14816
-18304
0
0
0
0
0
0
0
0
0
0
0
0
0
-32768
-32768
-32768
16384
16384
16384
-32768
-32768
-32768
0
0
0
0
0
0
0
0
0
0
0
0
0
0
0
0
0
0
0
0
0
14920
0
0
0
0
0
0
0
0
14880
0
0
0
0
-18432
-18432
14688
-18304
0
0
0
0
0
0
0
0
0
0
0
0
0
0
-32768
0
-32768
16384
16384
-32768
-32768
16384
16384
-32768
-32768
-32768
0
0
0
0
0
0
0
0
0
0
0
0
0
0
0
0
0
0
0
0
-17968
0
0
0
0
0
0
0
-18304
14688
14688
0
0
0
14688
0
-18432
-18432
14736
0
0
0
14856
0
0
0
0
14960
0
0
0
14936
0
0
0
0
0
0
0
0
0
0
0
0
0
0
0
0
0
0
0
0
-32768
-32768
-32768
-32768
-32768
-32768
16384
16384
-32768
-32768
-32768
0
0
0
0
0
0
0
0
0
0
0
0
0
0
0
0
0
0
0
14896
0
0
0
14896
0
0
0
14912
0
0
0
14880
0
0
0
-18176
0
-18240
0
0
0
0
0
0
0
-17888
0
0
0
0
-17872
0
0
0
0
0
-17920
0
0
0
-17968
0
0
0
-17912
0
0
0
-17896
0
0
0
0
0
0
0
0
0
0
0
0
0
0
0
0
0
0
0
0
-32768
-32768
0
-32768
-32768
16384
-32768
16384
16384
16384
-32768
0
-32768
0
-32768
0
-32768
0
0
0
0
0
0
0
0
0
0
0
0
0
0
-18032
0
0
0
0
0
0
0
0
0
-32768
-32768
-16384
-16384
15532
-32768
15532
-32768
-32768
-32768
-32768
0
0
0
0
0
0
0
0
0
-18048
0
0
-18080
0
-18080
0
0
0
0
0
0
0
0
0
0
0
0
-32768
-32768
-32768
16384
-32768
-32768
16384
16384
16384
-32768
-32768
-32768
-32768
0
0
0
0
0
0
0
0
0
0
0
0
0
0
0
-17856
0
0
0
-17888
0
0
0
0
-17936
0
0
0
-18304
14336
0
0
0
-18240
0
0
14936
0
0
0
0
0
0
14864
0
0
0
14872
0
0
0
0
0
14864
0
0
0
0
0
0
0
0
0
14988
0
0
0
0
0
15000
0
0
0
0
0
0
0
0
0
0
0
0
0
0
0
0
-32768
-32768
16384
16384
16384
16384
-32768
-32768
16384
-32768
-32768
-32768
-32768
-32768
-32768
0
0
0
0
0
0
0
0
0
0
0
0
0
0
0
0
14872
0
0
0
14816
0
0
0
0
0
0
0
14736
0
-18304
0
0
0
0
-18176
0
0
0
-18144
0
0
0
0
0
-18048
0
0
0
-18144
0
0
0
0
0
0
0
-17896
0
-17896
0
-17896
0
0
0
-17920
0
0
0
-17968
0
0
0
-17856
0
0
0
0
0
0
0
0
0
0
0
0
0
0
-32768
-32768
0
-32768
16384
-32768
-32768
-32768
-32768
16384
-32768
-32768
0
-32768
0
0
0
0
0
0
0
0
0
0
0
-18176
0
0
0
0
0
-32768
-32768
16384
-32768
-32768
16384
-32768
0
0
0
0
0
0
0
0
0
0
0
0
0
-18048
0
0
0
0
-32768
-32768
-32768
-16384
-16384
-32768
16384
16384
-32768
0
0
-32768
0
0
0
0
0
0
0
0
0
0
0
0
0
-17872
0
0
0
0
0
-18032
0
0
0
-18144
14752
-18432
0
0
-18432
0
-18432
14336
14336
-18144
0
14784
0
0
0
0
0
0
15000
0
0
0
15004
0
0
0
0
0
0
0
0
0
0
0
0
0
0
-32768
-32768
16384
-16384
16384
16384
-32768
16384
16384
-32768
-32768
0
0
0
0
0
0
0
0
-18032
0
0
0
0
0
0
0
-32768
-32768
0
-32768
16384
16384
16384
-32768
0
-32768
0
0
0
0
0
0
-18240
14592
14592
-18176
0
0
0
0
0
0
-32768
16384
-16384
-32768
15573
-32768
-32768
-32768
0
0
0
0
0
0
0
0
0
0
0
0
0
0
0
0
0
14980
0
0
0
0
-18144
-18112
14720
-18432
0
0
0
0
0
0
-18080
0
-18080
0
0
0
0
0
0
0
0
0
0
0
0
0
16384
16384
-32768
16384
-32768
16384
-32768
-32768
-32768
0
0
0
0
0
0
0
0
0
0
0
-18144
0
0
0
0
0
0
0
-18240
-18240
0
14944
0
0
0
0
0
0
0
0
0
0
0
0
0
0
-32768
-32768
-32768
16384
-32768
-32768
-32768
-32768
0
0
0
0
0
0
0
0
0
0
0
0
14864
0
-18432
0
0
0
0
0
0
0
-17984
0
0
0
-18240
0
0
0
0
0
0
0
0
0
0
-17816
0
0
0
0
0
0
0
0
0
0
0
-32768
-32768
16384
-32768
0
16384
-32768
-32768
0
-32768
0
0
0
0
0
0
0
0
0
0
0
0
0
-18432
0
0
0
0
0
0
0
0
-32768
-32768
-32768
16384
16384
-32768
-32768
16384
-32768
16384
-32768
0
0
0
0
0
0
0
0
0
0
0
0
0
0
0
0
14784
-18048
0
0
0
0
0
0
0
0
0
0
0
0
-32768
0
0
-32768
16384
-32768
16384
-32768
16384
-32768
-32768
-32768
0
0
0
0
0
0
0
0
0
0
0
0
0
0
0
-18304
0
0
0
0
0
0
0
0
0
-32768
-32768
-32768
-16384
-16384
-16384
16384
16384
-32768
-32768
-32768
0
0
0
0
0
0
0
0
-18176
0
0
0
0
0
0
0
0
-32768
0
-32768
-32768
-16384
-16384
-16384
-16384
-32768
16384
0
-32768
-32768
0
0
0
0
0
0
0
0
0
0
0
0
-18304
0
0
-32768
-32768
16384
16384
16384
-32768
16384
-32768
-32768
-32768
-32768
0
0
0
0
0
0
0
0
-18144
0
0
0
0
0
0
-32768
16384
-32768
0
-32768
-32768
16384
0
-32768
0
0
0
0
0
0
0
0
0
0
0
0
0
0
0
-18144
0
0
0
0
0
0
-32768
16384
-32768
16384
-16384
-32768
-32768
-32768
-32768
0
0
0
0
0
0
-18432
0
0
0
0
0
0
0
0
0
0
0
0
0
0
-32768
-32768
16384
-32768
-32768
-16384
-32768
-32768
16384
16384
-32768
-32768
0
-32768
0
0
0
0
0
0
0
0
0
0
0
0
0
0
0
0
0
0
-17888
0
0
0
0
-17912
0
0
0
-18000
0
0
0
-18176
0
0
0
0
-18432
0
0
-18144
0
0
0
0
14784
0
0
0
0
0
0
0
0
0
0
14832
0
14832
0
0
0
14768
0
0
0
0
14752
-18432
-18432
0
14904
0
0
0
14936
0
0
14936
0
0
0
0
0
0
0
0
0
0
0
0
0
0
0
0
0
0
-32768
-16384
-16384
16384
16384
16384
-16384
-16384
-16384
-16384
-32768
0
0
0
0
0
-17984
0
0
0
0
0
0
0
0
-32768
16384
16384
-32768
16384
-32768
-32768
0
-32768
0
0
0
0
0
0
-17952
0
0
0
0
0
0
0
0
-32768
16384
-32768
-32768
-32768
15625
16384
-32768
-32768
0
0
0
0
0
-18144
0
0
0
0
0
0
16384
-32768
0
-32768
24576
-32768
-16384
-32768
-32768
-32768
0
0
0
0
0
0
0
0
-18144
0
0
0
0
0
0
0
-32768
-32768
-32768
16384
-32768
-32768
-32768
-32768
0
0
0
0
0
0
0
0
0
0
0
0
0
0
0
14996
0
0
0
0
0
0
0
0
0
0
0
0
14624
14624
-18144
0
0
0
0
0
-18000
0
-18000
0
0
0
0
0
-17904
0
0
0
0
0
0
0
-17808
0
0
0
-17780
0
0
0
-17752
0
0
0
0
0
0
0
0
0
0
0
0
0
-32768
0
0
-32768
-24576
16384
16384
-32768
0
0
-32768
0
0
0
0
0
0
0
0
0
0
0
0
0
-18144
0
0
-18176
14464
-18240
0
0
0
0
0
0
14920
0
0
0
0
0
0
0
0
0
0
0
0
0
0
0
0
0
0
0
0
0
0
0
0
0
16384
-32768
24576
-32768
16384
-32768
-32768
-32768
0
0
0
0
0
0
0
-18432
0
0
0
0
0
-32768
-32768
16384
-32768
8192
-32768
-16384
-16384
-16384
-32768
-32768
0
0
0
-17952
0
0
0
0
0
0
-32768
24576
-32768
16384
-32768
-32768
16384
-16384
0
0
0
0
0
0
0
0
0
0
15016
0
-18016
0
-18240
0
0
0
0
0
0
0
0
0
-18032
0
0
0
0
0
-17816
0
0
0
0
-17662
0
0
0
0
16384
24576
-24576
-32768
-32768
-32768
0
0
0
0
0
-18176
-32768
-32768
-32768
-16384
-16384
24576
-32768
16384
-32768
0
-18112
0
0
0
0
0
-32768
24576
16384
0
0
0
0
0
0
0
0
0
0
0
0
0
0
0
-17952
0
0
-17984
14768
-18240
-17952
14720
14720
-18240
0
0
0
14888
0
0
0
0
0
0
0
0
-32768
-32768
-32768
16384
-32768
-32768
-32768
-32768
0
0
0
0
0
0
0
0
0
-18080
0
0
0
0
0
0
-32768
-32768
16384
-32768
16384
16384
-32768
-32768
0
-32768
-32768
0
-32768
-32768
0
0
0
0
0
0
0
0
0
-18016
0
0
0
0
0
-32768
-32768
-32768
-32768
15612
-32768
16384
-32768
-32768
0
0
0
0
0
0
0
0
0
0
0
-18032
-18176
14904
-18304
0
0
0
0
-18432
0
0
0
0
0
0
0
0
0
0
-17848
0
0
0
0
0
0
0
0
0
0
0
0
-32768
0
-32768
-32768
-32768
-32768
16384
-32768
-32768
16384
-32768
16384
16384
-32768
0
0
0
0
0
0
0
0
0
0
-18000
0
0
-32768
-16384
16384
16384
-16384
16384
-32768
-32768
-32768
0
0
0
0
0
0
0
-18176
0
0
0
0
0
0
0
0
0
0
0
0
0
-32768
-32768
16384
16384
-32768
16384
-32768
0
-32768
0
0
0
0
0
0
0
0
0
0
0
0
0
-18032
0
0
0
0
0
0
0
0
0
0
0
-32768
-32768
-32768
16384
-32768
16384
-32768
15587
-32768
16384
0
16384
-32768
-32768
-32768
0
0
0
0
0
0
0
0
0
0
-18432
0
0
0
0
0
0
-32768
0
-32768
-32768
16384
16384
-32768
16384
-32768
16384
-32768
-32768
-32768
0
-32768
0
0
0
0
0
0
0
-18144
14864
-18112
-18144
0
0
0
0
0
15064
0
0
-18176
0
0
0
0
14920
0
0
0
0
0
0
15036
0
0
0
0
0
0
-32768
-16384
-32768
-32768
15642
-32768
-32768
0
0
0
0
0
-18112
0
0
0
0
0
0
0
0
-32768
0
0
-32768
24576
24576
-32768
-32768
-32768
16384
-32768
-32768
0
0
0
0
0
0
0
0
0
0
0
-18016
0
0
0
0
0
0
0
-32768
-32768
16384
16384
16384
-32768
24576
-32768
-32768
16384
-32768
0
0
0
0
0
0
0
0
14624
-18032
0
0
0
0
0
-32768
16384
-32768
16384
24576
24576
24576
-32768
-32768
0
0
0
0
0
0
0
0
0
-18176
0
0
0
-32768
-16384
-16384
-16384
-16384
15639
-32768
-32768
-32768
-32768
0
0
0
0
0
0
-18048
0
0
0
0
0
0
0
0
0
-32768
0
-32768
-32768
16384
16384
16384
-32768
-32768
16384
-32768
-16384
-32768
-32768
0
0
0
0
0
0
0
-18176
0
0
0
0
0
0
-32768
-32768
-32768
16384
16384
-16384
16384
-24576
16384
16384
-32768
-32768
-32768
0
0
0
0
0
0
0
0
0
0
0
14988
0
0
-18432
0
0
14872
-18048
0
0
0
0
0
0
-17840
0
0
-17840
0
0
0
0
0
0
0
0
0
0
-32768
-32768
-32768
-32768
-8192
-8192
-24576
0
-32768
16384
-32768
0
0
0
0
0
0
0
0
0
-18176
14656
14656
-18144
0
-18032
0
14936
0
0
0
0
0
14996
0
0
0
0
0
0
0
0
0
0
0
15112
0
0
0
0
0
0
0
0
0
16384
16384
16384
-32768
-32768
-32768
-32768
16384
-32768
0
0
0
0
0
0
0
0
15056
0
0
-18240
-18016
14528
-18144
0
0
-17816
0
0
0
0
0
-17708
0
0
0
0
0
0
0
-32768
0
0
16384
24576
-24576
-32768
0
0
0
0
0
0
0
0
-18000
14736
14736
-18304
14768
0
0
14960
0
0
0
0
0
0
0
0
0
15134
0
0
0
0
0
0
0
0
0
-32768
-32768
-16384
24576
-32768
16384
-32768
0
0
0
0
0
0
0
0
15052
-18112
0
0
0
0
0
-18176
0
0
0
0
0
0
0
0
-17740
0
0
0
0
0
-17634
0
-17634
0
0
0
0
0
16384
16384
-24576
24576
-24576
-24576
24576
-32768
0
-32768
0
0
0
0
0
0
0
0
0
-17864
0
0
-18080
14816
0
14336
-18080
-18080
0
0
0
0
15024
0
0
0
0
0
0
0
0
0
0
0
0
0
-32768
-32768
-16384
-16384
15664
15664
-16384
-16384
16384
-32768
0
0
0
0
0
0
0
0
0
0
15052
0
0
0
0
0
0
0
0
-18144
0
0
0
0
0
0
0
0
0
0
-17840
0
0
0
0
0
0
0
0
0
0
0
-32768
0
-32768
24576
-24576
24576
-32768
-32768
0
0
0
0
0
0
0
0
0
0
0
-17920
0
0
0
-17968
0
0
0
15032
0
0
0
0
15064
0
0
0
0
0
0
0
0
0
0
0
-32768
-32768
24576
-32768
-32768
0
0
0
0
0
0
0
0
0
0
0
0
0
14784
-18016
0
0
0
0
0
0
0
-17772
0
-17772
0
0
0
0
0
0
0
0
0
0
0
-32768
-32768
16384
24576
8192
8192
-32768
0
-32768
0
0
0
0
0
0
0
-17968
0
0
-17880
14896
14896
-18432
-18304
14952
14952
0
14952
0
0
0
0
0
0
0
0
0
0
-32768
-32768
24576
-16384
24576
-32768
0
0
0
0
0
0
0
0
0
0
0
0
0
15024
0
0
0
0
0
15004
0
14464
-18144
0
0
0
0
0
0
0
0
16384
8192
-32768
-32768
24576
0
0
-32768
0
0
0
0
0
0
-17752
0
0
0
0
-18112
14800
0
0
0
0
0
0
0
0
15126
0
0
0
0
0
15146
0
0
0
0
0
0
0
0
0
0
0
0
16384
-32768
-32768
24576
-16384
-32768
16384
-32768
0
0
0
0
0
0
0
0
0
0
0
0
0
0
0
0
14856
0
0
-18048
0
0
0
0
0
0
0
0
0
0
0
0
0
0
0
0
0
0
0
0
0
0
-32768
0
0
0
-32768
16384
24576
-32768
-16384
-16384
-32768
-32768
0
0
0
0
0
0
0
0
0
0
0
0
0
0
0
0
0
0
0
-18176
0
0
0
0
0
0
-18432
14464
-18432
0
0
14848
0
0
0
0
0
14800
0
14800
0
14800
0
-18432
0
0
0
0
14872
0
0
0
14880
0
0
0
-18144
0
0
0
14904
0
0
0
0
0
0
0
0
0
0
0
0
0
0
0
-32768
16384
-16384
16384
16384
-32768
-32768
24576
24576
-16384
-16384
-16384
16384
-32768
0
0
0
0
0
0
0
0
0
0
0
-18240
0
0
0
0
0
16384
0
0
-8192
-32768
-32768
0
0
0
0
0
0
-18304
0
0
0
0
0
0
-32768
16384
-32768
16384
-32768
24576
-8192
24576
24576
-32768
-32768
-32768
-32768
0
0
0
0
0
-17856
0
0
0
0
-32768
-32768
16384
8192
16384
-32768
0
0
0
-18240
0
0
-32768
-32768
-32768
-8192
-24576
24576
-32768
0
0
0
0
0
0
0
0
0
15004
0
0
0
0
-18048
14656
-18112
0
0
0
0
0
0
-18176
0
0
0
0
0
0
-32768
-32768
-32768
-32768
0
-24576
16384
16384
16384
-32768
0
0
0
0
0
-17764
0
0
0
0
0
0
-17936
-17936
0
14904
0
0
0
0
0
0
14920
0
0
0
0
0
15056
0
0
0
0
0
0
0
0
15156
0
0
0
0
0
0
0
-32768
-32768
-16384
24576
-8192
-16384
16384
0
0
0
0
0
0
0
0
0
0
-17968
0
0
0
-32768
-32768
-16384
-32768
-32768
8192
8192
-32768
0
-32768
0
0
0
0
-18304
0
0
-32768
16384
-24576
-4096
16384
-32768
-32768
0
0
0
0
0
0
0
15134
0
0
0
0
0
0
0
0
0
15012
0
0
0
0
0
0
0
0
15004
-18112
0
0
0
0
0
24576
24576
-24576
24576
-24576
16384
16384
-32768
0
0
0
0
-17888
0
0
0
0
0
16384
16384
-32768
24576
16384
-32768
24576
-32768
0
0
0
0
0
0
-17816
0
0
16384
-24576
-24576
24576
16384
-32768
-32768
0
0
0
0
0
0
0
-17984
0
-32768
-32768
24576
-24576
15744
-32768
-32768
16384
-32768
0
0
0
0
0
-18112
0
-32768
24576
16384
16384
0
-17880
14996
0
0
0
-32768
-32768
-32768
-4096
24576
24576
-32768
0
0
-17952
0
0
0
0
-32768
0
-32768
24576
-32768
-32768
24576
0
-32768
0
0
0
-17936
14872
-18240
0
0
15092
0
0
0
0
0
0
0
0
0
0
0
0
0
15170
0
0
0
0
0
0
0
0
0
0
15152
0
0
0
0
0
0
0
0
0
-32768
-32768
16384
-32768
-24576
16384
-16384
16384
-32768
-32768
0
0
0
0
0
0
0
0
-18032
0
0
0
0
0
0
-32768
8192
-24576
16384
-24576
16384
16384
-32768
0
0
0
0
0
-17912
15064
0
0
0
0
0
0
0
-32768
16384
0
24576
-8192
-24576
-32768
-32768
-32768
0
0
0
0
-17880
0
0
0
0
0
-32768
-32768
16384
-32768
8192
-32768
8192
-32768
0
0
-17888
0
0
0
0
0
0
-32768
-32768
-32768
16384
16384
16384
-24576
20480
-32768
16384
-32768
-32768
0
0
0
0
0
0
0
0
15124
0
0
0
0
0
15072
0
0
0
0
0
0
0
0
0
0
0
0
0
15020
0
15020
0
0
0
-17936
0
0
0
0
0
0
-17768
0
0
0
0
0
0
0
0
-32768
-32768
-8192
-24576
24576
-32768
16384
24576
0
0
0
0
0
0
0
-18080
0
0
0
0
0
0
0
15136
0
15136
0
0
0
0
0
15100
0
0
0
0
0
0
0
0
0
15224
0
0
0
15232
0
0
0
0
15247
0
0
0
0
0
-32768
16384
-16384
-20480
16384
-32768
-32768
-32768
0
0
0
0
0
0
0
0
0
0
0
15122
0
0
0
0
0
0
0
0
0
15000
0
-18080
15048
0
0
-17864
0
0
-17808
0
0
0
0
0
0
-32768
-32768
-32768
20480
-28672
16384
-32768
-32768
0
0
0
0
-18432
15104
0
-18240
0
15084
0
0
0
0
15096
0
0
0
0
0
0
0
0
0
0
15110
0
0
0
0
0
0
-32768
-32768
16384
-24576
24576
-16384
16384
-16384
16384
0
0
0
0
0
0
0
0
0
0
0
0
15198
0
0
0
0
15176
0
0
0
0
0
0
0
0
0
0
15178
0
0
0
0
0
0
0
0
15148
0
0
0
0
0
0
14944
-17756
0
0
-32768
-32768
-32768
-32768
-32768
4096
24576
-32768
-32768
0
0
-17912
0
0
0
15110
0
0
0
0
0
0
0
0
0
15202
0
0
0
0
0
0
0
0
0
0
0
0
0
0
0
15282
0
0
0
0
0
-32768
-32768
16384
-24576
24576
-20480
-32768
-32768
-32768
-32768
0
0
0
0
0
0
15274
0
0
0
0
0
15271
0
0
0
0
0
0
0
0
15265
0
0
0
0
0
0
0
0
0
15243
0
0
0
0
0
0
0
15224
0
0
0
15214
0
0
0
0
-18112
0
16384
-32768
16384
24576
-32768
0
0
-17788
0
0
0
0
0
0
0
0
-32768
-32768
16384
16384
15788
-32768
-32768
-32768
0
0
0
0
0
-17788
0
-32768
8192
8192
-32768
16384
-32768
-17952
0
0
0
15255
0
0
0
15255
0
0
0
0
0
0
0
-32768
15393
-32768
-32768
-32768
-32768
-32768
-32768
-32768
16384
16384
-24576
16384
16384
-8192
-8192
16384
-32768
-32768
16384
-32768
15463
-32768
-32768
-32768
-32768
-32768
15490
-32768
-32768
15489
-32768
-32768
15488
-32768
-32768
-32768
-32768
-32768
-32768
-32768
15418
-32768
0
0
0
-32768
24576
0
-24576
0
-17912
0
0
0
0
-32768
-32768
-32768
16384
-32768
28672
16384
-24576
-32768
16384
-32768
-32768
-32768
-32768
24576
-32768
16384
-17626
0
-32768
16384
-16384
-16384
16384
-16384
15849
-32768
-32768
16384
16384
-32768
-32768
-32768
-32768
0
0
0
-17692
24576
24576
-20480
28672
0
-32768
0
-18240
0
0
0
15304
0
0
0
0
0
0
0
-32768
15361
-32768
-32768
15370
-32768
-32768
-32768
-32768
-32768
15394
-32768
-32768
-32768
-32768
-32768
-32768
-32768
16384
-32768
-32768
20480
0
0
24576
-16384
-32768
-32768
-32768
-32768
-32768
15378
-32768
0
0
0
15353
0
0
0
0
0
15333
0
0
0
0
0
0
0
0
0
0
0
0
0
0
0
0
0
0
15249
0
0
0
0
-32768
16384
-24576
12288
-8192
-32768
0
-17872
0
0
0
0
0
0
0
0
0
0
0
0
0
0
0
15350
0
0
0
-32768
0
15374
0
-32768
-32768
-32768
-32768
-32768
-32768
-32768
-28672
28672
-32768
24576
-32768
-32768
16384
16384
0
-32768
-32768
-32768
-32768
-32768
-32768
-32768
15437
-32768
15437
-32768
-32768
-32768
-32768
0
15411
0
0
0
-32768
15382
-32768
0
0
-32768
-8192
-24576
-24576
24576
-17864
0
0
15288
0
0
0
0
0
0
0
0
0
0
0
0
15324
0
15324
0
0
0
0
0
15321
0
0
0
0
0
0
0
0
0
0
0
0
0
0
0
0
-32768
-32768
-32768
-16384
-28672
20480
-32768
16384
0
0
0
0
0
0
0
0
15295
0
0
0
0
0
0
0
0
0
0
0
15245
0
0
0
0
0
0
0
0
0
0
0
15142
0
0
0
0
0
-18080
0
0
0
0
0
-32768
8192
-32768
0
-32768
0
-17788
0
0
0
15154
0
0
0
0
15224
0
0
0
0
0
15188
0
0
0
0
15251
0
0
0
0
0
0
0
0
0
15288
0
0
0
0
0
0
-32768
-32768
-32768
16384
-32768
28672
-32768
-32768
0
0
0
0
0
0
0
0
0
0
0
15281
0
0
0
0
0
15275
0
0
0
0
15284
0
0
0
0
0
0
15222
0
0
0
0
15196
0
0
0
0
-17904
0
-32768
4096
-24576
16384
-32768
0
0
0
0
0
-32768
-32768
-32768
-32768
15862
-32768
-32768
16384
-32768
0
0
0
0
0
0
0
-32768
20480
-32768
0
0
-17856
0
0
0
0
0
0
0
0
0
15208
0
0
0
0
0
15166
0
0
0
0
0
0
0
0
0
0
0
0
0
15220
0
0
0
0
0
0
0
0
0
0
0
-32768
24576
-32768
-32768
-32768
0
0
0
0
0
0
0
15180
0
0
0
0
0
0
0
15214
0
0
0
0
0
0
0
15118
0
0
0
0
0
0
15112
0
0
0
0
0
0
15036
0
0
0
-18016
0
0
0
0
-32768
0
20480
-24576
8192
-32768
0
0
0
0
-18016
15116
0
0
0
0
0
0
15216
0
0
0
0
0
0
0
0
0
15233
0
0
0
0
0
0
15228
0
0
0
0
0
0
0
0
0
15292
0
0
0
0
0
-32768
16384
-20480
24576
0
0
0
0
0
0
0
0
0
0
0
0
-18032
0
0
-32768
0
16384
24576
0
-18048
0
0
0
0
0
0
0
-32768
-32768
16384
-32768
20480
-16384
-32768
0
0
0
0
0
0
0
0
0
0
0
0
0
0
15202
0
0
0
0
0
0
15198
0
0
0
0
0
0
0
0
0
0
0
15156
0
0
0
0
0
15100
0
15100
0
-17800
-32768
16384
16384
8192
-32768
-32768
-32768
0
0
0
0
-17904
0
0
0
0
0
0
15200
0
0
0
0
0
0
0
0
0
15180
0
0
0
0
0
0
15230
0
0
0
0
0
0
0
15251
0
0
0
15248
0
0
0
0
0
-32768
-32768
28672
-4096
0
16384
-32768
-32768
0
0
0
0
0
-17872
0
0
0
-32768
16384
24576
-28672
-32768
16384
-32768
0
-18016
0
15124
0
0
0
0
0
-32768
-32768
-32768
24576
20480
-28672
-32768
-32768
0
0
0
0
0
0
0
0
15084
-17968
0
0
-32768
24576
-28672
16384
16384
-32768
0
-17764
0
0
15190
0
0
0
0
0
0
0
0
0
24576
-28672
-32768
-32768
0
0
0
0
0
0
15132
0
-17896
0
8192
-32768
28672
24576
-32768
0
0
-17768
0
0
0
0
0
0
0
0
0
-32768
20480
-24576
-32768
0
0
0
0
0
0
0
0
0
0
0
0
0
15134
0
0
0
0
0
0
0
0
15106
0
0
0
0
0
0
0
0
15128
0
0
0
0
0
0
0
0
15056
0
0
0
0
-32768
-32768
16384
-32768
28672
-24576
16384
0
-17816
0
0
0
0
0
0
0
0
-32768
-32768
-32768
24576
-24576
24576
-24576
16384
-32768
-32768
0
0
0
0
0
0
15152
0
-17968
0
0
-32768
16384
-32768
20480
20480
-32768
16384
-32768
0
0
-18080
0
0
0
0
0
15248
0
0
0
0
0
15248
0
0
0
0
15259
0
0
0
0
0
0
0
15279
0
0
0
0
0
0
15324
0
0
0
0
-32768
-32768
24576
-32768
16384
16384
-32768
-32768
-32768
0
0
0
0
0
0
0
0
0
-32768
16384
16384
16384
16384
-17608
0
0
0
15383
-32768
-32768
-32768
-32768
-32768
15858
-32768
-32768
16384
-32768
-32768
-32768
-32768
0
0
0
0
-32768
24576
0
-17590
-32768
-32768
-32768
16384
-32768
-20480
24576
-32768
-32768
16384
-32768
-32768
-32768
-32768
-32768
-32768
-32768
-32768
-32768
-32768
15398
-32768
-32768
-32768
-32768
-32768
-32768
-32768
15391
-32768
-32768
15392
-32768
15386
15388
-32768
-32768
-32768
0
-32768
-32768
24576
-32768
16384
-17503
-32768
-32768
-32768
-32768
-32768
-32768
-32768
-32768
15424
0
-32768
-32768
-32768
-32768
0
-32768
15439
-32768
-32768
-32768
-32768
16384
16384
-32768
-32768
24576
24576
-24576
16384
-32768
16384
-32768
-32768
-32768
-32768
-32768
-32768
-32768
-32768
-32768
24576
-20480
24576
-32768
0
0
-32768
-32768
-32768
-32768
-32768
-28672
24576
24576
-32768
-32768
-32768
-32768
-32768
0
0
15335
0
0
0
0
0
0
0
15288
0
0
0
0
0
15260
0
0
0
0
0
0
0
0
0
0
-18016
0
0
0
16384
16384
-28672
24576
-32768
-32768
-32768
0
0
-17756
0
0
0
0
0
-32768
-32768
-32768
-32768
16384
-28672
-28672
24576
-32768
-32768
0
0
0
0
0
-17856
0
0
0
0
0
0
-28672
4096
16384
16384
-32768
0
-17984
0
0
0
0
0
0
-32768
16384
-32768
24576
24576
-32768
-32768
16384
-32768
-32768
-32768
-32768
-32768
-32768
-32768
-32768
0
0
0
0
-32768
8192
-28672
20480
-32768
-32768
16384
-17522
0
0
0
0
-32768
-32768
-32768
-32768
-32768
16384
16384
-24576
24576
-32768
-32768
16384
-32768
0
-18080
0
0
0
0
16384
-32768
24576
-32768
24576
-32768
16384
-32768
0
0
0
0
0
0
0
-17840
0
15080
0
0
0
0
0
0
0
0
0
15154
0
15154
0
15154
0
0
0
0
0
0
0
15228
0
0
0
0
0
15206
0
0
0
0
0
0
-32768
-32768
16384
-32768
-32768
-32768
16384
16384
16384
0
0
0
-18304
0
0
0
0
0
0
0
-32768
-32768
24576
28672
0
0
0
0
0
-17808
14904
0
0
0
0
0
-32768
-32768
24576
-32768
-18032
0
0
0
0
0
0
0
0
-32768
-32768
16384
16384
16384
24576
-32768
0
0
0
0
-17888
0
0
0
0
-16384
20480
-20480
24576
-32768
0
0
0
0
0
0
0
0
-18016
0
0
0
0
0
-17952
0
0
0
-18000
14920
0
0
0
0
14848
-18016
0
0
0
0
0
-32768
16384
-24576
-24576
16384
0
-32768
0
0
0
0
0
0
-18304
0
15028
0
0
0
0
0
15150
0
0
0
0
0
15202
0
0
0
0
0
0
0
0
0
0
0
0
-32768
-32768
-32768
28672
-28672
-20480
-32768
-32768
0
0
0
0
15299
0
0
0
0
0
0
0
0
0
0
0
15344
0
0
0
0
0
0
0
15288
0
0
0
0
0
0
0
0
0
15114
-18000
-32768
24576
24576
0
-32768
0
-32768
-32768
-32768
-32768
-32768
-32768
-32768
16384
-32768
-32768
16384
-32768
-32768
16384
-32768
-32768
16384
-32768
16384
-32768
-32768
-32768
-16384
15872
-32768
24576
16384
-32768
-32768
-32768
-32768
-32768
-32768
-32768
20480
-32768
-32768
16384
-32768
-32768
-32768
16384
16384
16384
-16384
-16384
24576
-28672
15858
-32768
16384
16384
0
16384
-32768
16384
16384
-32768
-32768
16384
16384
-32768
16384
-32768
-32768
16384
-32768
-32768
-32768
24576
-24576
-24576
16384
-32768
24576
-24576
-28672
-28672
24576
-24576
24576
-32768
16384
16384
16384
16384
-32768
-32768
-32768
16384
-32768
16384
16384
16384
0
16384
16384
16384
-32768
-32768
16384
16384
-32768
-16384
16384
-17351
24576
-24576
16384
-32768
-32768
-32768
15722
-32768
24576
-32768
24576
-32768
16384
-24576
-24576
16384
-24576
16384
16384
-24576
24576
-32768
-28672
-28672
-20480
28672
-10240
26624
-22528
22528
-8192
20480
12288
20480
20480
0
24576
-28672
24576
-16384
16384
16384
-16384
-16384
-32768
24576
-24576
24576
24576
-24576
15701
-32768
-32768
-32768
-17772
24576
-24576
-32768
-32768
24576
-32768
16384
16384
-32768
-32768
24576
-32768
-32768
-32768
16384
-24576
-24576
16384
-24576
16384
-24576
16384
16384
15690
-32768
24576
-32768
-32768
24576
-28672
16384
-24576
-24576
24576
16384
-32768
-32768
24576
-24576
-32768
-24576
-32768
24576
-8192
16384
-8192
-8192
-8192
16384
-32768
24576
-17267
24576
-32768
16384
16384
-32768
-32768
-32768
-32768
-32768
0
0
0
0
0
0
0
0
0
0
0
0
0
0
0
15132
0
0
0
0
0
0
15052
0
0
0
0
0
-32768
-32768
28672
-8192
16384
16384
-32768
-32768
-17808
0
0
0
-17602
0
0
0
0
0
0
0
0
0
0
0
-17505
0
-17505
0
0
0
0
0
0
0
0
0
0
0
0
0
-32768
0
-32768
0
-32768
-32768
24576
-28672
8192
24576
-32768
-32768
0
-32768
0
0
0
0
0
-32768
0
0
0
-17463
0
0
0
0
0
0
0
-17480
0
0
0
0
0
0
0
0
0
0
0
-17525
0
0
0
0
0
0
0
0
0
0
-32768
28672
-8192
28672
-8192
-32768
-17856
0
0
0
0
0
0
0
-17529
0
0
0
0
0
0
0
0
0
0
0
-17523
0
0
0
0
0
0
0
0
0
-32768
-32768
-32768
-32768
0
-32768
0
-32768
-32768
-32768
-32768
24576
-24576
16384
16384
16384
0
0
0
0
0
0
0
0
-17510
0
0
0
0
0
0
0
0
-17576
0
0
0
0
0
0
0
0
0
0
0
-17650
0
0
0
0
0
0
0
-18176
-32768
-32768
20480
-28672
0
0
-17968
0
0
0
0
0
0
-32768
-32768
16384
8192
-32768
12288
16384
0
0
0
0
0
0
0
-18144
0
0
-32768
24576
24576
-32768
0
-17840
0
0
0
0
0
0
0
0
0
0
0
0
0
0
0
0
0
0
-17529
0
0
0
0
0
0
0
0
0
0
0
0
0
-32768
-32768
0
16384
-24576
24576
-32768
0
0
0
0
0
0
0
0
-17568
0
0
0
0
0
0
-17634
0
0
0
0
0
-17752
0
0
0
0
0
0
0
0
-18032
0
0
0
0
0
0
0
0
0
-17968
0
-18240
0
0
-32768
28672
-8192
28672
16384
-32768
-17788
0
0
0
0
0
0
0
0
0
0
0
0
0
0
-17650
0
0
0
0
0
-17642
0
0
0
0
0
0
0
0
0
-17546
0
0
0
0
0
0
-32768
0
12288
8192
0
-32768
0
0
0
0
0
0
0
-17660
0
0
0
0
-17660
0
0
0
0
0
0
0
-17816
0
0
0
0
-17708
0
0
0
-17716
0
0
0
0
0
0
0
-17904
-32768
-32768
16384
-32768
16384
-32768
0
0
0
-18144
0
0
0
0
0
-17740
0
0
0
0
0
0
-17736
0
0
0
0
-17610
0
0
0
0
-17582
0
0
0
0
0
0
-32768
-32768
-32768
0
0
-24576
-28672
0
-32768
-32768
0
-32768
0
0
0
0
0
0
0
0
0
0
-17554
0
0
0
0
0
0
0
-17688
0
0
0
-17680
0
0
0
0
-18144
0
0
0
0
0
-32768
-26624
28672
-32768
-32768
-32768
0
-17772
0
0
0
0
0
0
0
0
6144
-32768
-32768
0
0
0
0
0
0
0
0
0
0
0
-18240
16384
-24576
15881
-24576
-32768
-17984
0
-17700
0
0
0
0
-17658
0
-17658
0
0
0
0
0
0
-17580
0
0
0
0
0
0
0
0
-17596
0
0
0
0
0
0
0
-17558
0
0
0
0
0
-32768
-32768
-16384
-16384
-24576
-28672
16384
16384
-32768
-32768
0
0
0
0
0
0
-17600
0
0
0
0
0
0
0
-17748
0
0
0
0
0
0
-17696
0
0
0
0
0
-17704
0
0
0
0
0
-17764
0
-18048
0
0
-32768
-12288
16384
-16384
0
-17968
0
0
0
0
0
0
0
-17632
0
0
0
0
0
0
0
0
0
-17688
0
0
0
0
0
0
0
0
0
-17636
0
0
0
0
0
-17576
0
0
0
16384
-24576
16384
0
0
0
0
0
-17602
0
0
0
0
-17856
-32768
16384
-32768
-32768
-32768
-17764
0
0
0
0
0
0
-32768
-32768
0
26624
-32768
0
-32768
0
0
0
0
0
0
0
0
0
0
0
0
0
-18000
0
0
0
0
-17676
0
0
0
0
0
-18240
14656
0
0
0
-18144
-32768
-24576
16384
-16384
-32768
-18240
0
0
-17776
0
0
0
-17650
0
0
0
-17684
0
0
0
0
0
0
-17756
0
0
0
0
0
-17668
0
0
0
0
0
0
-17646
0
-17646
0
0
0
0
0
0
-32768
24576
24576
0
0
0
0
0
0
0
0
0
0
-17654
0
0
0
0
-17880
0
0
0
0
0
-17788
0
0
0
0
0
0
0
-17672
0
0
0
0
-17792
0
-32768
-28672
24576
16384
-32768
-18000
0
0
0
0
0
0
0
-17548
0
0
0
-17602
0
0
0
0
0
-17554
0
0
0
0
0
0
0
0
-17558
0
0
0
-32768
-32768
-32768
-32768
16384
8192
-32768
0
-32768
0
0
0
0
0
0
0
0
0
0
0
0
-17644
0
0
0
0
0
0
0
0
-17848
0
0
0
-17780
14736
-18080
0
0
-32768
-30720
15884
-32768
-32768
0
-17872
0
0
0
0
24576
24576
-32768
-32768
0
0
0
0
0
0
-18432
-32768
16384
-12288
-32768
-17800
0
0
-17658
0
0
0
0
0
0
-17634
0
0
0
0
-17618
0
0
0
0
0
0
-17684
0
0
0
0
-17634
0
0
0
0
0
0
0
0
16384
-32768
16384
0
-32768
-32768
0
0
0
0
0
-17880
-32768
-32768
16384
-32768
24576
0
0
0
-17856
0
0
0
0
0
0
0
0
30720
8192
-32768
0
0
0
0
0
0
0
0
0
-17622
0
0
0
0
0
0
-17724
0
0
0
0
-17904
0
0
-17984
14784
-18016
0
0
0
0
0
0
0
-16384
-32768
24576
-32768
-32768
0
0
0
-18016
0
0
0
0
-32768
12288
-32768
16384
-32768
0
0
0
0
-18432
0
-32768
16384
16384
-24576
15879
-32768
0
0
0
0
-17784
0
0
-32768
-32768
-32768
0
0
-30720
28672
16384
-32768
0
0
0
0
-18304
14528
-18144
0
16384
-16384
15877
-32768
-32768
-32768
0
0
0
0
0
14996
-17780
0
0
0
0
-18144
0
-18112
14832
-18032
-18048
14528
0
-17792
0
0
0
0
0
0
-32768
28672
-32768
24576
16384
0
-17788
0
0
0
-32768
24576
-16384
24576
24576
-32768
0
0
-17920
0
0
-17658
0
0
-32768
24576
-24576
28672
-32768
0
-32768
0
0
0
-18176
15012
0
0
0
0
0
0
0
0
0
15206
0
0
0
0
0
0
0
0
0
15210
0
0
0
0
0
0
0
-32768
-32768
-32768
16384
-32768
16384
-32768
16384
0
0
0
0
0
0
0
0
15114
0
0
0
0
15028
-18144
0
0
0
0
-17904
14752
-17952
0
0
0
0
0
0
0
0
-32768
16384
24576
-24576
16384
-32768
-32768
0
0
0
0
0
0
0
-17772
0
0
0
0
0
0
0
-18112
0
0
0
0
-18240
14888
-18112
0
0
15134
0
0
0
0
0
0
-16384
16384
16384
-24576
16384
-16384
0
0
0
-18032
0
0
-17788
0
0
0
0
0
0
0
0
0
0
0
-17604
0
0
0
0
0
0
0
-17521
0
0
0
0
0
0
-32768
-32768
-32768
-8192
-32768
22528
24576
-32768
0
0
0
0
0
0
0
0
0
0
-17654
0
0
0
0
0
0
0
0
-18432
14752
-18240
14856
0
0
0
15056
0
0
0
0
0
0
0
-32768
-32768
-20480
24576
-32768
16384
0
0
0
0
0
0
-17968
0
0
0
-18000
0
0
0
0
0
0
0
0
-17612
0
0
0
0
0
-17612
0
0
0
0
0
0
0
0
-32768
0
-32768
20480
-30720
-24576
0
-32768
0
0
0
0
0
0
0
0
-17764
16384
15878
-24576
-32768
0
-17912
0
0
0
0
0
-32768
16384
16384
-32768
-32768
24576
-32768
0
0
0
0
0
-17736
-32768
20480
-10240
-16384
0
-17840
0
0
0
0
0
0
-32768
-32768
28672
16384
16384
16384
-32768
0
0
0
0
0
0
0
0
-17626
0
0
0
0
-17724
0
0
0
0
0
0
-17744
0
0
0
0
-17732
0
0
0
-18112
15052
0
0
0
-32768
24576
24576
-26624
24576
0
0
0
0
-17724
0
0
0
0
-32768
30720
-24576
16384
16384
0
0
0
0
-18176
-32768
-32768
15888
-16384
16384
-32768
0
-17920
0
-17768
0
0
0
-17676
0
0
0
0
0
0
-17556
0
0
0
0
-17598
0
0
0
0
0
0
0
-17450
0
0
0
-32768
0
-32768
24576
-28672
-28672
20480
-24576
0
0
-32768
0
0
0
0
0
0
0
0
0
0
0
-17592
0
0
0
-17620
0
0
0
0
0
0
0
0
-17952
0
-18112
15008
0
0
0
0
0
-32768
24576
-24576
28672
-20480
16384
0
0
-18176
0
0
0
0
0
0
0
0
0
-17590
0
0
0
0
0
0
0
0
0
0
0
0
-32768
0
0
0
0
0
24576
-28672
16384
16384
-32768
-32768
0
0
0
0
0
0
-17528
0
-17528
0
0
0
0
0
0
0
0
-17525
0
0
0
0
0
0
-17523
0
0
0
0
0
0
0
0
0
-17984
-8192
-16384
15876
-32768
-18144
0
0
0
0
0
0
-17517
0
0
0
0
0
0
-17506
0
0
0
-17511
0
0
0
0
0
0
-17475
0
0
0
0
-32768
0
-32768
-32768
-32768
-32768
16384
-24576
20480
-32768
-32768
-32768
16384
-32768
0
0
0
0
0
0
0
0
0
0
0
0
0
0
0
0
0
0
0
0
-17888
15044
0
0
0
0
0
0
0
-32768
-18432
24576
-16384
0
0
0
0
0
0
0
0
15249
0
0
0
0
15160
0
0
0
15208
0
0
0
0
0
0
0
0
0
15166
0
0
0
-17856
0
-32768
24576
28672
-17744
-32768
-32768
-32768
-32768
-32768
15886
-32768
16384
-32768
-32768
-32768
-32768
-32768
-32768
15447
-32768
-32768
16384
28672
-32768
-32768
-32768
-32768
-32768
16384
-32768
-32768
15526
-32768
-32768
15537
-32768
-32768
16384
16384
16384
16384
16384
-32768
16384
16384
16384
16384
0
0
4096
30720
-16384
-16384
-16384
-16384
-16384
-32768
-32768
-32768
-32768
-32768
-32768
-32768
-32768
-32768
-32768
15382
-32768
0
15356
0
0
0
0
0
15276
0
0
0
0
15266
-32768
24576
-20480
16384
16384
-32768
-17912
0
15249
0
0
0
0
0
15293
0
0
0
0
0
0
0
0
0
0
0
15347
0
0
0
0
0
-32768
-32768
16384
-16384
28672
-22528
-32768
-32768
-32768
15377
0
0
0
0
15321
0
0
0
0
0
0
15289
0
0
0
0
0
15292
0
0
0
0
0
0
0
0
-32768
-32768
-32768
28672
0
-32768
0
-18432
0
0
0
0
0
15380
-32768
15415
-32768
-32768
-32768
15422
-32768
-32768
-32768
-32768
-32768
-32768
-32768
-32768
-32768
-32768
0
0
24576
-28672
26624
-24576
16384
16384
0
-32768
-32768
-32768
0
0
0
0
0
15311
0
0
0
0
0
0
0
0
0
0
0
0
0
-17752
0
20480
-32768
16384
-32768
-32768
0
0
0
0
0
0
0
0
0
-32768
15361
-32768
-32768
-32768
-32768
-32768
-32768
-32768
-32768
15438
-32768
16384
16384
16384
-8192
20480
-20480
16384
-32768
-32768
-32768
0
-32768
-32768
0
0
15348
0
0
0
0
0
0
0
0
0
0
0
14944
0
0
0
14944
-32768
16384
16384
-28672
28672
-32768
16384
-32768
-32768
0
0
0
0
0
-17864
14996
-18016
0
0
0
15158
0
0
0
0
0
0
0
0
-32768
16384
-24576
-24576
28672
-32768
-32768
16384
-32768
-32768
0
0
0
0
0
0
0
0
0
0
15236
0
0
0
0
0
0
0
0
0
-18000
0
0
0
-32768
16384
16384
-28672
12288
-24576
16384
-32768
-32768
0
0
0
0
0
-18000
14888
0
0
0
0
0
0
0
0
0
0
0
-32768
-32768
-32768
-32768
-32768
-24576
-18432
15892
-24576
16384
16384
-32768
-32768
16384
-32768
-32768
15477
-32768
-32768
-32768
-32768
0
0
0
0
0
0
-17788
0
-32768
16384
-24576
12288
-8192
-32768
0
0
-32768
0
-32768
0
-32768
-32768
0
0
0
0
0
0
-17490
0
0
0
0
0
0
0
0
0
-17507
0
0
0
0
0
0
0
0
0
0
-32768
-32768
16384
-24576
24576
-32768
-17748
0
0
0
0
-32768
16384
-32768
20480
-24576
16384
-32768
0
0
0
0
0
-32768
16384
-32768
28672
16384
16384
-32768
0
-18240
0
0
0
0
0
-32768
-32768
0
-32768
0
0
-32768
-32768
0
-32768
16384
16384
-32768
0
0
16384
-28672
24576
0
-32768
-32768
-32768
0
-32768
-32768
0
0
-32768
28672
-32768
-32768
-32768
-32768
16384
16384
16384
24576
-18432
28672
-28672
24576
-32768
-32768
0
-32768
-32768
-16384
-32768
16384
-17262
16384
16384
-32768
16384
16384
-32768
0
0
0
0
0
-32768
-32768
-32768
0
0
-17688
-32768
-32768
24576
20480
-24576
0
-17650
0
0
0
-32768
-32768
0
16384
-20480
16384
16384
16384
-32768
0
0
0
-32768
-12288
24576
-32768
-32768
0
0
-32768
-32768
16384
-32768
-32768
-8192
-24576
-8192
-8192
-20480
24576
0
0
-32768
0
-32768
-32768
-32768
0
-24576
20480
28672
-32768
-32768
0
-32768
0
16384
-32768
20480
12288
-24576
24576
-32768
0
0
-32768
0
-32768
0
-32768
-32768
-32768
15870
-32768
-32768
-32768
0
-32768
16384
16384
-16384
-32768
-32768
24576
-32768
24576
16384
-32768
-32768
0
-32768
0
-32768
0
0
0
-32768
16384
-24576
24576
-32768
0
0
-32768
-32768
0
0
-16384
-32768
-16384
-32768
-32768
-32768
0
-32768
-32768
0
0
-32768
16384
16384
-20480
20480
28672
-32768
-32768
16384
16384
-32768
16384
16384
16384
-32768
0
-32768
-32768
-32768
-32768
0
0
-32768
0
0
0
0
0
0
0
0
0
-32768
-32768
24576
-32768
-32768
0
-32768
-32768
16384
16384
-32768
0
16384
16384
-32768
0
-32768
0
-32768
16384
24576
-32768
24576
-32768
8192
-32768
-16384
-32768
-32768
0
-32768
-32768
-32768
0
-32768
-32768
0
0
0
0
-17339
0
0
0
0
0
-32768
0
0
-32768
0
0
-17564
-32768
15826
-16384
-32768
0
-32768
-32768
0
0
0
-32768
-32768
0
-32768
-32768
0
-32768
0
0
-32768
16384
16384
16384
16384
16384
-32768
16384
-32768
24576
-32768
24576
8192
-32768
16384
16384
16384
16384
-17265
16384
-16384
-32768
-32768
-32768
16384
-32768
0
-32768
0
0
-32768
0
0
-32768
-32768
0
-32768
0
0
-32768
0
-17780
-24576
28672
16384
-32768
0
-32768
0
0
-32768
-32768
-32768
-32768
0
-32768
0
0
-32768
-32768
-32768
0
-32768
-32768
16384
-32768
16384
-32768
0
-32768
0
20480
-32768
-32768
16384
-32768
-32768
0
0
-32768
-32768
16384
16384
-32768
-32768
0
0
0
-32768
-32768
-32768
0
-32768
0
-32768
-32768
0
0
-32768
-32768
-32768
0
0
0
-17600
16384
-32768
20480
-20480
-17848
0
0
0
0
0
-32768
0
-32768
0
-32768
0
-32768
0
0
-32768
0
-32768
0
0
16384
16384
-32768
0
0
-32768
0
-32768
0
24576
-32768
20480
-32768
-32768
-16384
-16384
-16384
-32768
-32768
0
0
-32768
16384
-32768
-32768
-32768
-32768
0
0
-32768
0
0
-32768
-32768
-32768
0
0
0
0
0
0
-32768
0
-32768
-32768
28672
-16384
-32768
-32768
-32768
-32768
0
0
0
-32768
0
0
0
0
-32768
-32768
-32768
-32768
0
-32768
-32768
-32768
0
0
-32768
16384
16384
16384
-20480
16384
-30720
24576
16384
16384
16384
0
-32768
-32768
16384
-32768
-32768
-32768
0
-32768
0
0
-32768
0
-32768
0
0
0
0
0
0
0
-32768
0
-32768
0
-17780
-28672
28672
-16384
-16384
-17530
0
-32768
-32768
-32768
0
-32768
-32768
0
-32768
0
-32768
16384
-32768
-32768
-32768
-32768
0
16384
-32768
16384
-32768
16384
-32768
24576
-26624
26624
-24576
16384
16384
16384
-32768
0
-32768
16384
-32768
0
0
0
-32768
-32768
-32768
-32768
-32768
0
0
0
0
-32768
0
-32768
0
-32768
0
-32768
-32768
0
0
-32768
-32768
16384
-16384
-32768
-32768
0
-32768
-32768
-32768
0
-32768
-32768
0
-32768
-32768
0
-32768
-32768
-32768
-32768
-32768
16384
16384
0
-32768
16384
16384
-32768
0
24576
-32768
24576
24576
24576
-32768
16384
-32768
0
-32768
0
-32768
-32768
-32768
-32768
0
-32768
-32768
0
0
0
0
-32768
-32768
0
-32768
-32768
0
-32768
-32768
28672
-32768
-32768
0
0
-32768
0
0
0
-32768
-32768
-32768
0
-32768
-32768
-32768
-32768
16384
16384
16384
16384
16384
-32768
16384
16384
-32768
28672
16384
16384
16384
-32768
-32768
0
-32768
-32768
0
-32768
-32768
0
-32768
-32768
-32768
0
-32768
-32768
-32768
0
0
-32768
-24576
28672
-24576
-17586
0
-32768
0
0
-32768
-32768
-32768
-32768
0
-32768
0
-32768
-32768
0
16384
16384
-32768
16384
16384
-32768
16384
30720
16384
16384
16384
-32768
-32768
0
0
-32768
-32768
-32768
0
0
0
0
0
0
-32768
0
-32768
-32768
-32768
-32768
-32768
0
0
0
0
-32768
24576
-16384
-17624
0
-32768
0
0
0
0
0
-32768
-32768
-32768
0
-32768
0
0
-32768
-32768
0
-32768
0
-32768
-32768
-32768
0
-32768
-32768
-32768
-32768
-16384
-32768
24576
-20480
28672
8192
16384
16384
16384
-32768
0
-32768
-32768
-32768
-32768
0
0
0
-32768
0
-32768
0
-32768
-32768
-32768
0
-32768
0
0
-32768
0
0
0
-32768
-32768
24576
-16384
16384
-17720
0
0
0
-32768
-32768
0
-32768
-32768
0
-32768
0
0
-32768
0
-32768
-32768
0
-32768
0
0
0
0
-32768
-32768
-32768
16384
-32768
-32768
-30720
24576
-32768
-32768
16384
16384
16384
-32768
0
-32768
0
-32768
0
0
0
-32768
-32768
0
0
0
0
0
0
-32768
-32768
-32768
0
-32768
0
0
-17531
24576
-32768
-32768
0
0
-32768
-32768
-32768
0
0
-32768
0
0
0
0
-32768
0
-32768
16384
-32768
0
-32768
0
-32768
16384
16384
-32768
-16384
-32768
-32768
4096
-4096
-32768
-32768
-16384
-16384
-32768
0
0
0
-32768
-32768
0
-32768
0
0
0
-32768
-32768
-32768
0
0
-32768
-32768
0
-32768
-32768
0
0
-32768
0
-32768
-32768
0
-32768
-32768
16384
-32768
-17594
0
0
0
0
0
-32768
0
0
-32768
-32768
0
0
-32768
0
0
-32768
16384
-32768
0
-32768
-32768
16384
16384
16384
-32768
8192
-26624
-24576
24576
16384
-32768
-32768
16384
-32768
0
-32768
-32768
-32768
0
0
-32768
0
0
-32768
0
-32768
-32768
-32768
-32768
-32768
0
-32768
-32768
0
0
-24576
28672
16384
-32768
-32768
-32768
0
0
0
-32768
-32768
0
0
-32768
-32768
16384
-17301
0
0
0
-32768
-32768
24576
-32768
16384
-32768
16384
-32768
0
0
0
0
0
0
-32768
0
-32768
0
-32768
0
0
0
-32768
-32768
0
-32768
-32768
-32768
-32768
0
-32768
-32768
-32768
-32768
0
0
-32768
-32768
0
-32768
-32768
0
-32768
0
0
0
-32768
-32768
0
0
-32768
-32768
-32768
-32768
-32768
0
-32768
0
0
0
-32768
-32768
-32768
-32768
0
-32768
0
-32768
-32768
-32768
-32768
-32768
-32768
-32768
-32768
0
0
-32768
-32768
-32768
0
0
0
0
0
0
0
-32768
-32768
-32768
-32768
0
-32768
0
-32768
0
-32768
0
-32768
0
0
-32768
0
0
-32768
0
-32768
-32768
0
-32768
-32768
0
0
0
-32768
0
0
0
-32768
0
-32768
-32768
0
0
-32768
0
0
-32768
0
0
-32768
0
0
0
0
-32768
-32768
-32768
0
-32768
-32768
-32768
0
-32768
-32768
0
0
-32768
0
0
0
-32768
-32768
-32768
0
0
-32768
0
-32768
-32768
-32768
0
0
0
-32768
-32768
0
-32768
0
-32768
-32768
0
-32768
-32768
-32768
-32768
-32768
-32768
0
0
0
0
0
0
-32768
0
-32768
0
0
0
-32768
0
-32768
-32768
-32768
0
-32768
0
0
0
-32768
0
-32768
-32768
-32768
-32768
-32768
0
0
-32768
-32768
-32768
-32768
0
0
-32768
-32768
-32768
-32768
-32768
-32768
-32768
0
0
0
0
-32768
0
-32768
0
-32768
0
0
-32768
-32768
0
0
-32768
0
-32768
-32768
-32768
0
0
-32768
0
0
0
0
0
0
-32768
0
0
-32768
-32768
0
-32768
-32768
0
0
-32768
0
0
-32768
0
-32768
0
-32768
0
-32768
0
0
0
0
0
-32768
-32768
0
0
0
-32768
0
0
0
0
0
0
0
-32768
0
-32768
0
-32768
0
0
-32768
-32768
0
-32768
0
0
-32768
0
0
-32768
-32768
0
0
-32768
-32768
-32768
0
0
-32768
0
0
0
-32768
-32768
-32768
0
0
-32768
-32768
0
0
-32768
0
0
0
-32768
0
0
0
0
-17359
0
0
0
0
-32768
0
-32768
-32768
-32768
0
0
-32768
-32768
0
-32768
0
0
-32768
-32768
-32768
-17356
-32768
-32768
-32768
-32768
-32768
0
-32768
-32768
0
-32768
0
0
0
0
0
-32768
0
0
0
-32768
-32768
0
0
0
-32768
0
0
0
-32768
-32768
-32768
-32768
0
-32768
0
0
-32768
0
-32768
0
0
-32768
-32768
-32768
-32768
0
0
0
-32768
0
0
-32768
0
0
0
0
-32768
0
-32768
0
0
-32768
0
0
-32768
-32768
-32768
-32768
-32768
-32768
0
0
0
-32768
0
0
0
-32768
0
-32768
-32768
-32768
-32768
-32768
0
-32768
-32768
0
-32768
-32768
-32768
-32768
0
-32768
0
-32768
0
0
0
-32768
-32768
0
0
0
-32768
-32768
-32768
-32768
0
-32768
0
0
0
-32768
-32768
-32768
0
-32768
-32768
-32768
0
0
0
0
-32768
-32768
-32768
-32768
-32768
-32768
-32768
0
-32768
0
-32768
0
0
0
0
0
0
0
-32768
0
0
0
0
-32768
0
-32768
-32768
-32768
0
-32768
0
0
-32768
0
0
-32768
-32768
0
-32768
0
0
-32768
-32768
0
-32768
-32768
0
0
-32768
-32768
0
-32768
0
-32768
-32768
-32768
-32768
0
-32768
0
0
-32768
0
-32768
-32768
0
-32768
-32768
0
-32768
-32768
-32768
-32768
-17375
-32768
-32768
-32768
0
0
0
-32768
-32768
-32768
0
0
0
0
0
0
0
-32768
0
-32768
-32768
-32768
-32768
-32768
0
-32768
0
-32768
0
0
0
0
-32768
0
-32768
0
-32768
0
0
0
0
-32768
0
-32768
0
0
0
-32768
0
-32768
-32768
0
0
0
-17381
0
0
0
-32768
-32768
0
-32768
0
0
-32768
0
-32768
0
0
-32768
-32768
0
-32768
-32768
-32768
0
-32768
-32768
-32768
0
-32768
-32768
-32768
0
0
-32768
0
0
-32768
0
-32768
-32768
0
0
0
-32768
-32768
0
-32768
0
0
0
-32768
-32768
-32768
-32768
0
0
-32768
0
-32768
0
0
0
0
-32768
-32768
-32768
-32768
-32768
0
0
0
0
-32768
0
-32768
-32768
0
-32768
0
0
0
0
0
-32768
0
0
0
0
0
-32768
0
-32768
-32768
-32768
-32768
0
0
0
0
0
-32768
-32768
-32768
0
-32768
-32768
-32768
-32768
0
-32768
0
0
0
0
0
-32768
0
0
0
-32768
0
-32768
-32768
0
-32768
0
0
0
-32768
-32768
-32768
-32768
-32768
0
0
0
0
0
0
-32768
-32768
0
-32768
-32768
0
0
0
0
-32768
-32768
-32768
-32768
-32768
0
-32768
-32768
-32768
0
0
-32768
0
0
-32768
-32768
0
0
-32768
-32768
-32768
-32768
0
0
-32768
-32768
0
0
-32768
-32768
0
0
-32768
-32768
0
-32768
0
-32768
-32768
0
0
-32768
-32768
-32768
-32768
-32768
0
0
-32768
0
-32768
-32768
-32768
0
-32768
-32768
0
-32768
-32768
-32768
0
0
-32768
0
-32768
-32768
0
-32768
0
-32768
0
-32768
-32768
0
0
0
0
0
0
-32768
0
0
-32768
-32768
0
0
0
0
0
-32768
0
0
-32768
0
-32768
0
0
-32768
-32768
-32768
-32768
0
-32768
0
-32768
0
0
-32768
-32768
0
0
-32768
-32768
0
0
0
-32768
0
0
-32768
-32768
0
0
0
-32768
0
-32768
-32768
0
0
0
0
0
-32768
-32768
0
-32768
0
0
0
0
0
-32768
0
-32768
0
-32768
-32768
-32768
-32768
0
-32768
0
-32768
-32768
-32768
0
-32768
0
-32768
-32768
-32768
0
0
-32768
-32768
-32768
0
0
-32768
-32768
0
0
0
-32768
0
-32768
0
0
0
-32768
-32768
-32768
0
0
0
0
0
0
0
-32768
-32768
0
0
0
0
-32768
0
-32768
0
0
-32768
-32768
0
-32768
0
0
-32768
-32768
0
0
0
0
-32768
0
-32768
0
-32768
0
0
0
0
0
-32768
0
0
0
-17411
0
0
0
0
-17411
0
-17411
0
-17411
0
0
0
0
0
-17415
0
0
0
0
0
0
0
-17414
0
0
0
0
0
0
0
-17416
0
0
0
0
0
-17416
0
0
0
0
-32768
0
0
0
0
-17414
0
0
0
-17414
0
0
0
-17416
0
0
0
-17417
0
0
0
0
0
-17416
0
-17416
0
0
0
0
0
-17418
0
-17418
0
0
0
-17417
0
0
-17417
0
0
0
-17421
0
0
-17421
0
0
0
0
-17423
0
0
0
0
0
0
0
-17424
0
0
0
0
-17419
0
0
0
-17424
0
0
0
0
-17423
0
0
0
0
-17422
0
0
0
-17421
0
0
0
0
-17422
0
0
0
-17427
0
0
0
0
0
0
-17426
0
0
0
0
0
-17426
0
-17426
0
0
0
0
-17428
0
0
0
0
0
0
0
-17431
0
0
0
-17431
0
0
0
-17431
0
0
0
0
0
0
0
0
-17435
0
0
0
0
-17434
0
0
0
0
0
0
0
0
-17432
0
0
0
-17434
0
0
0
-17436
0
0
0
0
-17438
0
0
0
0
-17438
0
0
0
0
0
-17438
0
0
0
0
0
0
-17438
0
0
0
-17435
0
0
0
-17434
0
0
0
-17433
0
0
-17433
0
0
0
0
0
0
-17439
0
0
0
-17443
0
0
0
0
-17434
0
-17434
0
0
0
0
0
0
0
-17445
0
0
0
-17444
0
0
0
0
0
0
-17438
0
0
0
-17441
0
0
0
-17438
0
-17438
0
0
0
0
-17441
0
0
0
-17439
0
0
0
0
0
0
-17447
0
0
0
0
-17446
0
0
0
-17449
0
-17449
0
0
0
0
0
0
0
-17444
0
0
0
0
-17445
0
0
0
0
0
0
-17446
0
0
0
-17448
0
0
0
0
-17439
0
0
0
0
-17444
0
0
0
-17450
0
0
0
0
0
0
-17445
0
-17445
0
0
-17445
0
0
0
-17448
0
0
0
0
0
-17449
0
0
0
0
-17447
0
0
0
0
-17447
0
0
0
0
0
-17451
0
-17451
0
0
0
0
0
0
-17452
0
0
0
0
0
-17453
0
0
0
-17454
0
0
0
0
0
-17449
0
0
0
0
-17451
0
-17451
0
0
0
-17450
0
0
0
0
0
0
-17456
0
0
0
0
0
-17454
0
0
0
0
0
-17456
0
0
0
0
-17453
0
0
0
0
0
0
0
-17474
0
0
0
0
0
0
0
-17449
0
0
0
0
-17453
0
0
0
-17452
0
0
0
0
0
-17446
0
0
0
0
0
0
0
0
0
0
-17436
0
0
0
0
-17444
0
0
0
-17442
0
0
0
-17437
0
0
0
0
0
0
0
-17439
0
0
0
-17437
0
0
0
0
0
-17441
0
0
0
-17438
0
0
0
0
-17443
0
0
0
-17444
0
0
0
0
0
-17446
0
0
0
-17448
0
0
0
0
0
-17447
0
0
0
0
-17449
0
0
0
-17449
0
0
0
-17450
0
0
0
0
0
0
0
0
-17450
0
0
0
-17450
0
0
0
0
0
-17449
0
0
0
0
0
0
0
-17451
0
0
0
0
-17452
0
0
0
-17454
0
0
0
0
-17457
0
0
0
-17454
0
0
0
0
0
-17456
0
-17456
0
0
0
0
0
0
0
0
0
-17462
0
0
0
0
0
0
0
-17470
0
0
0
0
0
0
-17473
0
0
0
0
0
0
0
0
0
0
0
0
0
0
0
-17521
0
0
0
0
-17517
0
0
0
0
0
-17520
0
0
0
0
0
-17516
0
0
0
0
-17514
0
-17514
0
-17514
0
0
0
-17516
0
0
0
0
-17519
0
0
0
-17515
0
0
0
0
-17516
0
0
0
-17519
0
0
0
0
0
-17517
0
0
0
0
0
0
-17517
0
0
0
0
-17515
0
0
0
0
0
0
-17518
0
0
0
0
0
-17519
0
0
0
0
-17515
0
0
0
0
-17517
0
0
0
0
0
0
0
0
0
0
0
0
-17522
0
0
0
0
0
0
-17519
0
0
0
-17516
0
0
0
0
-17519
0
0
0
0
-17521
0
0
0
0
0
-17521
0
0
0
-17528
0
-17528
0
0
0
0
-17527
0
-17527
0
0
0
0
-17523
0
0
0
0
0
0
0
-17526
0
0
0
0
0
-17528
0
0
0
0
0
0
0
-17526
0
0
0
-17522
0
0
0
-17525
0
0
0
0
-17523
0
0
0
0
-17527
0
0
0
0
0
0
-17528
0
0
0
-17528
0
0
0
0
0
-17524
0
0
0
0
0
0
0
-17527
0
-17527
0
0
-17527
0
0
0
0
0
-17536
0
0
0
0
0
0
-17531
0
-17531
0
0
-17531
0
0
0
0
-17531
0
0
0
0
0
0
0
0
-17535
0
0
0
0
0
0
0
0
-17530
0
0
0
0
-17535
0
0
0
-17535
0
0
-17535
0
0
0
0
0
-17533
0
0
0
0
-17534
0
0
0
0
0
-17533
0
0
0
-17532
0
0
0
0
0
0
0
-17536
0
0
0
0
-17534
0
0
0
-17535
0
0
0
0
-17532
0
0
0
0
-17542
0
0
0
0
0
0
0
-17542
0
0
0
0
0
0
0
-17536
0
0
0
-17540
0
0
0
-17538
0
0
0
0
0
-17538
0
0
0
0
0
0
-17548
0
-17548
0
0
0
0
-17550
0
0
0
-17550
0
0
0
-17546
0
0
0
0
0
-17548
0
0
0
0
0
0
0
-17550
0
0
0
0
0
-17544
0
-17544
0
0
0
0
0
-17548
0
0
0
-17550
0
0
0
0
0
0
0
-17544
0
0
0
0
0
-17548
0
0
0
0
0
0
-17554
0
0
0
-17556
0
0
0
-17562
0
0
0
0
0
0
0
-17556
0
0
0
0
0
-17556
0
0
0
-17554
0
0
0
0
0
-17568
0
0
0
0
0
0
0
0
0
-17566
0
0
0
0
-17564
0
0
0
0
0
-17568
0
0
0
0
0
-17568
0
0
0
-17566
0
0
0
0
0
-17562
0
0
0
0
0
0
0
0
-17568
0
0
0
0
-17572
0
0
0
0
0
0
0
-17578
0
0
0
-17566
0
0
0
0
0
0
-17568
0
0
0
0
-17568
0
0
-17568
0
0
0
-17566
0
0
0
0
0
-17572
0
-17572
0
0
0
0
-17570
0
0
0
0
0
-17574
0
0
0
-17582
0
0
0
-17576
0
-17576
0
0
0
0
-17574
0
-17574
0
0
-17574
0
0
0
0
0
0
0
0
-17574
0
0
0
0
0
-17568
0
-17568
0
-17568
0
0
0
-17570
0
0
0
-17568
0
0
0
-17564
0
0
0
-17566
0
-17566
0
0
0
0
0
0
0
-17574
0
-17574
0
0
0
-17574
0
0
0
0
0
-17578
0
0
0
-17576
0
0
0
0
0
0
0
-17574
0
0
0
-17586
0
-17586
0
0
0
0
-17592
0
0
0
0
-17596
0
0
0
0
-17604
0
0
0
-17592
0
0
0
0
-17602
0
0
0
-17590
0
0
0
-17588
0
0
0
-17590
0
0
0
0
-17594
0
0
0
0
0
-17596
0
0
0
0
0
-17596
0
0
0
0
0
0
0
-17602
0
0
0
0
0
0
-17590
0
0
0
-17592
0
0
0
-17598
0
0
0
0
0
-17594
0
-17594
0
0
0
0
0
-17600
0
0
-17600
0
0
0
-17598
0
0
0
0
0
-17602
0
-17602
0
0
0
0
-17596
0
0
0
0
0
-17602
0
0
0
-17598
0
0
-17598
0
0
0
-17596
0
0
0
0
-17604
0
0
0
0
-17596
0
0
0
-17594
0
0
0
-17600
0
0
0
0
0
0
0
-17610
0
0
0
0
-17610
0
0
0
-17610
0
0
0
0
-17612
0
0
0
-17606
0
0
0
0
0
0
0
0
-17606
0
-17606
0
0
0
-17608
0
0
0
0
0
0
0
-17612
0
0
0
0
0
-17610
0
0
0
0
-17604
0
0
0
-17602
0
0
-17602
0
0
0
0
-17600
0
0
0
0
0
-17606
