-270
-268
20
11
21
356
-11
-11
-2
-25
-8
-25
-12
-12
-377
-15
-3
5
19
9
9
23
14
28
14
450
16
12
-13
-3
-13
-3
-3
-29
-17
-25
-16
-28
-312
-14
-7
-18
-18
15
4
5
21
25
9
9
478
14
26
-25
-16
-478
-478
27
12
428
-2
13
-8
-19
-13
-40
-36
-432
-4
1
18
4
19
3
17
32
504
9
-1
6
-8
-13
4
-1
-24
-24
-9
-29
-223
-8
-20
-7
2
2
-11
6
8
-5
14
21
6
26
21
7
20
292
19
16
26
23
2
2
7
-19
-5
1
1
-18
-7
-8
-32
-18
-369
-369
-23
-16
-16
-4
-12
6
6
12
6
27
11
26
501
13
20
-6
8
-27
-13
-453
-35
-1
25
10
10
36
17
591
-25
-6
-24
-590
-34
-21
10
-21
17
17
6
748
-4
8
-12
-2
-19
-776
1
19
2
7
27
743
7
-18
18
-18
-722
608
-664
-19
-32
-4
13
-2
27
10
19
635
-679
706
8
19
-709
577
-738
778
-662
652
-7
0
-10
2
-710
24
-17
746
-866
830
1
17
-2
17
-10
9
-17
-846
11
4
-7
-8
739
-754
796
30
30
38
-8
6
-884
-18
30
30
-2
41
34
34
34
827
1
-39
-13
-747
5
-8
7
-12
16
-3
789
12
28
23
-8
9
-684
-12
-23
7
8
-6
33
11
671
9
12
27
12
-32
-12
-653
692
-20
-697
3
-13
26
17
9
41
25
681
681
-1
0
-3
-25
-23
-13
-791
882
-826
12
-6
-3
41
30
900
-864
856
11
33
10
-30
-3
-1186
-8
1110
-30
0
-28
-804
699
-749
876
-956
-956
975
-841
769
-754
-754
11
11
11
1
18
-1
27
17
1006
-1112
1101
-1053
910
-1
-1
6
-18
-10
-1161
25
1
1122
-1213
1299
-16
-5
-9
-1472
1422
-1385
10
-19
-19
15
991
-954
1010
-16
23
23
-20
0
0
-1124
1146
-938
908
-1041
17
-19
53
-8
14
1235
-1129
1130
-1297
1216
-1016
1287
-9
18
-41
-23
-1429
7
-15
36
1645
2
-1696
10
-13
80
44
1659
-27
-5
-1540
13
-11
1410
-41
-27
-1381
-18
-50
1623
-1728
25
-22
1732
28
-1653
1465
2
20
-1122
-3
-16
19
-7
19
-5
1190
-1392
1781
-1841
2009
-12
7
-36
-5
-1909
22
22
0
1596
-1842
2107
32
39
-2083
1821
-1929
2048
-1922
2286
-1966
21
61
19
98
43
87
1766
-1679
1968
-1927
2165
2
44
-1923
80
42
118
2468
71
6
43
-8
46
46
-2614
63
-5
61
12
47
2575
91
112
49
101
88
-2208
114
2691
136
133
159
159
108
108
140
-2129
2763
-2962
150
3317
430
526
486
-2685
3583
-2955
3729
-2860
198
3096
145
-2943
3530
357
413
336
357
-2733
223
195
219
166
3206
86
146
-3280
118
145
147
3470
180
-3583
3937
-3519
119
81
108
108
3683
79
121
68
-3458
119
86
86
128
127
99
190
111
3562
-3464
3530
68
112
89
112
43
90
-3073
112
78
88
146
131
3315
-3274
3611
-3437
3713
-3569
3658
19
79
64
48
74
74
43
53
53
-3142
3239
-3253
138
178
167
224
200
3625
-3365
3870
-3377
3958
306
276
318
292
324
309
-3247
386
345
3780
-2795
3659
-3265
3335
-2992
3236
-3035
3510
-3302
90
86
86
127
3385
-3539
3502
-3484
3438
-27
-13
-27
24
-3422
114
83
3583
182
184
240
138
185
-3159
684
4100
-2752
3883
517
590
-2227
4347
778
813
755
786
-2047
1888
1677
1677
7320
1393
3018
1025
1713
-2950
1450
1402
1663
1586
5141
1171
1254
1170
1378
-2417
535
535
46
46
81
20
4061
-4036
-185
-185
-191
3737
-194
-141
-3722
-154
-176
-105
-138
3578
-3725
3513
-169
-134
-4053
-41
-2
-65
3654
-120
-68
-123
-3778
-66
-91
-27
-94
-75
4177
-45
-120
-4280
-59
4307
-4130
4402
-130
-98
-4454
-46
-88
4320
-139
-56
-139
-76
-4098
4006
-4364
-9
-81
6
-66
4245
-86
-43
-114
-114
-70
-4509
-21
-88
4567
-152
-91
-210
-116
-4859
-23
-59
4494
-4865
4417
-81
-127
-61
-61
-93
-4579
4128
-4590
-34
4700
-4521
4351
-4370
4258
-58
14
-4419
4125
-4242
114
36
122
4113
-73
13
-3639
-2
-44
3992
-71
-91
-125
-4265
-67
-78
-2
4410
-9
-90
-4435
4308
-4702
4409
-4675
-87
-46
4536
-4458
4611
-98
-4562
-136
4349
-145
-102
-4506
-133
-180
-140
-141
-159
4246
-195
-154
-4513
51
22
4480
89
150
77
114
96
-4175
4555
-3724
709
583
4719
301
-4187
188
188
138
241
4692
187
-4145
354
4494
-3925
4330
26
-3812
3930
100
135
-3845
4760
-3803
-174
-195
-156
-196
3388
-4227
3830
-4767
3327
-4552
4257
-4712
3793
-4923
3823
-4699
4074
-4817
4046
-4735
-413
3362
-649
-573
-4325
3372
-4543
-481
-511
3898
-4412
3780
-4737
-478
3686
-4692
3558
-4525
3285
-4318
-405
3734
-4848
3913
-389
-4686
3993
-438
-4801
-407
3976
-4977
3906
-450
-4924
4137
-539
-477
-4851
-409
-303
4230
-2068
-376
-390
-382
-455
-459
-459
-448
-454
-355
-355
-368
-368
-486
-439
-351
-422
-311
-303
-372
-372
-363
-363
-377
-374
-364
-365
-354
-366
-355
-366
-359
-366
-357
-357
-368
-346
-362
-350
-356
-359
-344
-357
-338
-353
-338
-350
-350
-338
-338
-347
-336
-336
-344
-333
-342
-325
-343
-332
-326
-336
-328
-328
-335
-335
-321
-321
-343
-320
-327
-329
-313
-316
-324
-313
-325
-307
-319
-311
-311
-306
-318
-309
-317
-306
-315
-304
-310
-301
-299
-311
-299
-308
-297
-306
-308
-295
-295
-306
-293
-311
-294
-300
-292
-300
-286
-298
-298
-284
-297
-283
-283
-283
-295
-283
-291
-280
-291
-281
-286
-286
-278
-278
-285
-271
-284
-271
-282
-270
-270
-279
-283
-269
-278
-271
-278
-278
-278
-269
-275
-264
-275
-275
-267
-275
-262
-278
-278
-262
-278
-273
-257
-270
-261
-270
-257
-271
-256
-263
-263
-256
-260
-260
-249
-266
-251
-264
-255
-255
-265
-265
-265
-256
-261
-250
-250
-259
-250
-250
-250
-255
-247
-257
-258
-250
-255
-247
-255
-247
-251
-245
-254
-242
-242
-249
-240
-249
-238
-251
-240
-248
-238
-244
-237
-245
-236
-244
-244
-232
-243
-230
-230
-228
-242
-222
-236
-224
-236
-225
-236
-228
-219
-238
-218
-233
-222
-230
-235
-216
-230
-214
-230
-219
-217
-232
-216
-224
-224
-223
-212
-228
-212
-219
-219
-209
-208
-224
-213
-204
-222
-214
-190
-225
-212
-212
-234
-234
-221
-221
-232
-223
-236
-225
-236
-220
-220
-228
-212
-227
